#R dependence of screened Coulomb at omega=calc_ifreq
#1:R [AA], 2:Re[W(R)] [eV], 3:Im[W(R)] [eV]
    20.57828     0.04720     0.00179
    20.57828     0.04674     0.00180
    20.57828     0.04673     0.00180
    20.57828     0.04607     0.00183
    20.57828     0.04607     0.00183
    25.71231     0.04527     0.00191
    25.71231     0.04490     0.00192
    25.71231     0.04489     0.00192
    25.71231     0.04438     0.00194
    25.71231     0.04436     0.00193
    31.51006     0.07313     0.00141
    31.51006     0.07306     0.00141
    31.51006     0.07302     0.00141
    31.51006     0.07324     0.00141
    31.51006     0.07321     0.00141
    37.66628     0.11650     0.00075
    37.66628     0.11722     0.00074
    37.66628     0.11710     0.00074
    37.66628     0.11936     0.00072
    37.66628     0.11968     0.00075
    44.03086     0.14518     0.00036
    44.03086     0.14670     0.00035
    44.03086     0.14649     0.00034
    44.03086     0.15037     0.00030
    44.03086     0.15019     0.00030
    50.52512     0.12488     0.00032
    50.52512     0.12553     0.00030
    50.52512     0.12539     0.00030
    50.52512     0.12700     0.00025
    50.52512     0.12668     0.00024
    57.10484     0.07965     0.00104
    57.10484     0.07939     0.00105
    57.10484     0.07935     0.00105
    57.10484     0.07908     0.00106
    57.10484     0.07899     0.00105
    15.29900     0.08550     0.00075
    15.29900     0.08473     0.00077
    15.29900     0.08530     0.00076
    15.29900     0.08433     0.00080
    15.29900     0.08437     0.00080
    19.82164     0.04830     0.00173
    19.82164     0.04773     0.00175
    19.82164     0.04781     0.00175
    19.82164     0.04699     0.00178
    19.82164     0.04702     0.00178
    25.41336     0.04502     0.00193
    25.41336     0.04464     0.00194
    25.41336     0.04462     0.00194
    25.41336     0.04416     0.00196
    25.41336     0.04417     0.00196
    31.51006     0.07313     0.00141
    31.51006     0.07306     0.00141
    31.51006     0.07302     0.00141
    31.51006     0.07324     0.00141
    31.51006     0.07321     0.00141
    37.86862     0.12000     0.00055
    37.86862     0.12045     0.00054
    37.86862     0.12075     0.00052
    37.86862     0.12224     0.00048
    37.86862     0.12189     0.00047
    44.37662     0.16047    -0.00017
    44.37662     0.16141    -0.00018
    44.37662     0.16296    -0.00022
    44.37662     0.16676    -0.00027
    44.37662     0.16673    -0.00028
    50.97686     0.13904    -0.00029
    50.97686     0.13880    -0.00029
    50.97686     0.14025    -0.00033
    50.97686     0.14087    -0.00035
    50.97686     0.14071    -0.00035
    11.77949     0.15495    -0.00078
    11.77949     0.15266    -0.00077
    11.77949     0.15750    -0.00084
    11.77949     0.15588    -0.00085
    11.77949     0.15554    -0.00083
    14.79105     0.08841     0.00062
    14.79105     0.08732     0.00065
    14.79105     0.08830     0.00062
    14.79105     0.08683     0.00068
    14.79105     0.08689     0.00068
    19.82164     0.04830     0.00173
    19.82164     0.04773     0.00175
    19.82164     0.04781     0.00175
    19.82164     0.04699     0.00178
    19.82164     0.04702     0.00178
    25.71231     0.04527     0.00191
    25.71231     0.04490     0.00192
    25.71231     0.04489     0.00192
    25.71231     0.04438     0.00194
    25.71231     0.04436     0.00193
    31.99144     0.07588     0.00124
    31.99144     0.07561     0.00125
    31.99144     0.07583     0.00124
    31.99144     0.07567     0.00124
    31.99144     0.07553     0.00123
    38.46927     0.13090     0.00010
    38.46927     0.13051     0.00011
    38.46927     0.13233     0.00005
    38.46927     0.13301     0.00002
    38.46927     0.13262     0.00001
    45.06019     0.18593    -0.00087
    45.06019     0.18517    -0.00084
    45.06019     0.19107    -0.00096
    45.06019     0.19430    -0.00102
    45.06019     0.19373    -0.00102
    11.72847     0.21312    -0.00078
    11.72847     0.20622    -0.00095
    11.72847     0.22532    -0.00066
    11.72847     0.22612    -0.00101
    11.72847     0.22244    -0.00103
    11.77949     0.15495    -0.00078
    11.77949     0.15266    -0.00077
    11.77949     0.15750    -0.00084
    11.77949     0.15588    -0.00085
    11.77949     0.15554    -0.00083
    15.29899     0.08550     0.00075
    15.29899     0.08473     0.00077
    15.29899     0.08530     0.00076
    15.29899     0.08433     0.00080
    15.29899     0.08437     0.00080
    20.57828     0.04720     0.00179
    20.57828     0.04674     0.00180
    20.57828     0.04673     0.00180
    20.57828     0.04607     0.00183
    20.57828     0.04607     0.00183
    26.58901     0.04606     0.00186
    26.58901     0.04559     0.00187
    26.58901     0.04566     0.00187
    26.58901     0.04500     0.00189
    26.58901     0.04493     0.00188
    32.93309     0.08017     0.00105
    32.93309     0.07945     0.00106
    32.93309     0.08033     0.00104
    32.93309     0.07965     0.00105
    32.93309     0.07954     0.00105
    39.45003     0.14296    -0.00020
    39.45003     0.14106    -0.00020
    39.45003     0.14561    -0.00024
    39.45003     0.14471    -0.00030
    39.45003     0.14424    -0.00029
    15.18094     0.14296    -0.00020
    15.18094     0.14106    -0.00020
    15.18094     0.14561    -0.00024
    15.18094     0.14471    -0.00030
    15.18094     0.14424    -0.00029
    12.36289     0.18593    -0.00087
    12.36289     0.18517    -0.00084
    12.36289     0.19107    -0.00096
    12.36289     0.19430    -0.00102
    12.36289     0.19373    -0.00102
    13.01248     0.13904    -0.00029
    13.01248     0.13880    -0.00029
    13.01248     0.14025    -0.00033
    13.01248     0.14087    -0.00035
    13.01248     0.14071    -0.00035
    16.73056     0.07965     0.00104
    16.73056     0.07939     0.00105
    16.73056     0.07935     0.00105
    16.73056     0.07908     0.00106
    16.73056     0.07899     0.00105
    22.01368     0.04597     0.00186
    22.01368     0.04559     0.00187
    22.01368     0.04551     0.00187
    22.01368     0.04493     0.00189
    22.01368     0.04486     0.00189
    27.98921     0.04688     0.00182
    27.98921     0.04633     0.00183
    27.98921     0.04653     0.00183
    27.98921     0.04579     0.00186
    27.98921     0.04579     0.00186
    34.29713     0.08240     0.00097
    34.29713     0.08141     0.00098
    34.29713     0.08272     0.00096
    34.29713     0.08167     0.00098
    34.29713     0.08160     0.00098
    20.43204     0.08017     0.00105
    20.43204     0.07945     0.00106
    20.43204     0.08033     0.00104
    20.43204     0.07965     0.00105
    20.43204     0.07954     0.00105
    16.15640     0.13090     0.00010
    16.15640     0.13051     0.00011
    16.15640     0.13233     0.00005
    16.15640     0.13301     0.00002
    16.15640     0.13262     0.00001
    14.09586     0.16047    -0.00017
    14.09586     0.16141    -0.00018
    14.09586     0.16296    -0.00022
    14.09586     0.16676    -0.00027
    14.09586     0.16673    -0.00028
    15.18094     0.12488     0.00032
    15.18094     0.12553     0.00030
    15.18094     0.12539     0.00030
    15.18094     0.12700     0.00025
    15.18094     0.12668     0.00024
    18.87676     0.07561     0.00126
    18.87676     0.07561     0.00125
    18.87676     0.07531     0.00126
    18.87676     0.07544     0.00125
    18.87676     0.07531     0.00125
    24.00639     0.04554     0.00189
    24.00639     0.04521     0.00190
    24.00639     0.04510     0.00190
    24.00639     0.04460     0.00192
    24.00639     0.04458     0.00192
    29.83931     0.04688     0.00182
    29.83931     0.04633     0.00183
    29.83931     0.04653     0.00183
    29.83931     0.04579     0.00186
    29.83931     0.04579     0.00186
    26.43065     0.04606     0.00186
    26.43065     0.04559     0.00187
    26.43065     0.04566     0.00187
    26.43065     0.04500     0.00189
    26.43065     0.04493     0.00188
    21.52489     0.07588     0.00124
    21.52489     0.07561     0.00125
    21.52489     0.07583     0.00124
    21.52489     0.07567     0.00124
    21.52489     0.07553     0.00123
    17.94897     0.12000     0.00055
    17.94897     0.12045     0.00054
    17.94897     0.12075     0.00052
    17.94897     0.12224     0.00048
    17.94897     0.12189     0.00047
    16.58655     0.14518     0.00036
    16.58655     0.14670     0.00035
    16.58655     0.14649     0.00034
    16.58655     0.15037     0.00030
    16.58655     0.15019     0.00030
    17.94897     0.11958     0.00056
    17.94897     0.12045     0.00054
    17.94897     0.11992     0.00055
    17.94897     0.12188     0.00050
    17.94897     0.12157     0.00049
    21.52489     0.07561     0.00126
    21.52489     0.07561     0.00125
    21.52489     0.07531     0.00126
    21.52489     0.07544     0.00125
    21.52489     0.07531     0.00125
    26.43065     0.04597     0.00186
    26.43065     0.04559     0.00187
    26.43065     0.04551     0.00187
    26.43065     0.04493     0.00189
    26.43065     0.04486     0.00189
    15.29900     0.08489     0.00077
    15.29900     0.08473     0.00077
    15.29900     0.08415     0.00079
    15.29900     0.08382     0.00081
    15.29900     0.08387     0.00082
    19.82164     0.04823     0.00174
    19.82164     0.04773     0.00175
    19.82164     0.04768     0.00175
    19.82164     0.04694     0.00179
    19.82164     0.04698     0.00179
    25.41336     0.04502     0.00193
    25.41336     0.04464     0.00194
    25.41336     0.04462     0.00194
    25.41336     0.04419     0.00196
    25.41336     0.04419     0.00196
    31.51006     0.07313     0.00141
    31.51006     0.07306     0.00141
    31.51006     0.07302     0.00141
    31.51006     0.07324     0.00141
    31.51006     0.07321     0.00141
    37.86862     0.11958     0.00056
    37.86862     0.12045     0.00054
    37.86862     0.11992     0.00055
    37.86862     0.12188     0.00050
    37.86862     0.12157     0.00049
    44.37662     0.15866    -0.00014
    44.37662     0.16141    -0.00018
    44.37662     0.15923    -0.00015
    44.37662     0.16494    -0.00023
    44.37662     0.16491    -0.00023
    50.97686     0.13742    -0.00025
    50.97686     0.13880    -0.00029
    50.97686     0.13703    -0.00024
    50.97686     0.13936    -0.00031
    50.97686     0.13918    -0.00031
    10.40135     0.16101    -0.00136
    10.40135     0.16133    -0.00137
    10.40135     0.16099    -0.00136
    10.40135     0.16104    -0.00136
    10.40135     0.16105    -0.00136
    13.71885     0.09330     0.00032
    13.71885     0.09237     0.00035
    13.71885     0.09239     0.00035
    13.71885     0.09066     0.00042
    13.71885     0.09079     0.00042
    19.03495     0.04941     0.00165
    19.03495     0.04880     0.00167
    19.03495     0.04880     0.00167
    19.03495     0.04781     0.00171
    19.03495     0.04779     0.00170
    25.11085     0.04460     0.00195
    25.11085     0.04424     0.00196
    25.11085     0.04421     0.00196
    25.11085     0.04365     0.00197
    25.11085     0.04351     0.00197
    31.51006     0.07313     0.00141
    31.51006     0.07306     0.00141
    31.51006     0.07302     0.00141
    31.51006     0.07324     0.00141
    31.51006     0.07321     0.00141
    38.06989     0.12488     0.00032
    38.06989     0.12553     0.00030
    38.06989     0.12539     0.00030
    38.06989     0.12700     0.00025
    38.06989     0.12668     0.00024
    44.71971     0.18212    -0.00111
    44.71971     0.18463    -0.00115
    44.71971     0.18389    -0.00116
    44.71971     0.18889    -0.00131
    44.71971     0.18779    -0.00139
     8.74188     0.23067    -0.00280
     8.74188     0.23148    -0.00277
     8.74188     0.23708    -0.00297
     8.74188     0.24207    -0.00306
     8.74188     0.24200    -0.00308
     8.81022     0.19179    -0.00263
     8.81022     0.18804    -0.00255
     8.81022     0.19318    -0.00267
     8.81022     0.18761    -0.00252
     8.81022     0.18780    -0.00251
    13.15001     0.09765     0.00007
    13.15001     0.09621     0.00012
    13.15001     0.09661     0.00011
    13.15001     0.09403     0.00021
    13.15001     0.09420     0.00020
    19.03495     0.04941     0.00165
    19.03495     0.04880     0.00167
    19.03495     0.04880     0.00167
    19.03495     0.04781     0.00171
    19.03495     0.04779     0.00170
    25.41336     0.04502     0.00193
    25.41336     0.04464     0.00194
    25.41336     0.04462     0.00194
    25.41336     0.04419     0.00196
    25.41336     0.04419     0.00196
    31.99144     0.07588     0.00124
    31.99144     0.07561     0.00125
    31.99144     0.07583     0.00124
    31.99144     0.07567     0.00124
    31.99144     0.07553     0.00123
    38.66741     0.13904    -0.00029
    38.66741     0.13880    -0.00029
    38.66741     0.14025    -0.00033
    38.66741     0.14087    -0.00035
    38.66741     0.14071    -0.00035
    11.77949     0.15495    -0.00078
    11.77949     0.15266    -0.00077
    11.77949     0.15750    -0.00084
    11.77949     0.15588    -0.00085
    11.77949     0.15554    -0.00083
     7.81898     0.29887    -0.00343
     7.81898     0.28298    -0.00362
     7.81898     0.32545    -0.00345
     7.81898     0.32101    -0.00410
     7.81898     0.31400    -0.00400
     8.81022     0.19179    -0.00263
     8.81022     0.18804    -0.00255
     8.81022     0.19318    -0.00267
     8.81022     0.18761    -0.00252
     8.81022     0.18780    -0.00251
    13.71885     0.09330     0.00032
    13.71885     0.09237     0.00035
    13.71885     0.09239     0.00035
    13.71885     0.09066     0.00042
    13.71885     0.09079     0.00042
    19.82164     0.04823     0.00174
    19.82164     0.04773     0.00175
    19.82164     0.04768     0.00175
    19.82164     0.04694     0.00179
    19.82164     0.04698     0.00179
    26.30002     0.04565     0.00189
    26.30002     0.04521     0.00190
    26.30002     0.04532     0.00189
    26.30002     0.04469     0.00191
    26.30002     0.04465     0.00191
    32.93309     0.08017     0.00105
    32.93309     0.07945     0.00106
    32.93309     0.08033     0.00104
    32.93309     0.07965     0.00105
    32.93309     0.07954     0.00105
    17.18126     0.08240     0.00097
    17.18126     0.08141     0.00098
    17.18126     0.08272     0.00096
    17.18126     0.08167     0.00098
    17.18126     0.08160     0.00098
    11.77949     0.15495    -0.00078
    11.77949     0.15266    -0.00077
    11.77949     0.15750    -0.00084
    11.77949     0.15588    -0.00085
    11.77949     0.15554    -0.00083
     8.74188     0.23067    -0.00280
     8.74188     0.23148    -0.00277
     8.74188     0.23708    -0.00297
     8.74188     0.24207    -0.00306
     8.74188     0.24200    -0.00308
    10.40135     0.16101    -0.00136
    10.40135     0.16133    -0.00137
    10.40135     0.16099    -0.00136
    10.40135     0.16104    -0.00136
    10.40135     0.16105    -0.00136
    15.29899     0.08489     0.00077
    15.29899     0.08473     0.00077
    15.29899     0.08415     0.00079
    15.29899     0.08382     0.00081
    15.29899     0.08387     0.00082
    21.30807     0.04669     0.00183
    21.30807     0.04633     0.00183
    21.30807     0.04615     0.00184
    21.30807     0.04562     0.00186
    21.30807     0.04561     0.00186
    27.71483     0.04625     0.00186
    27.71483     0.04570     0.00187
    27.71483     0.04597     0.00186
    27.71483     0.04526     0.00189
    27.71483     0.04526     0.00189
    23.36104     0.04625     0.00186
    23.36104     0.04570     0.00187
    23.36104     0.04597     0.00186
    23.36104     0.04526     0.00189
    23.36104     0.04526     0.00189
    17.62043     0.08017     0.00105
    17.62043     0.07945     0.00106
    17.62043     0.08033     0.00104
    17.62043     0.07965     0.00105
    17.62043     0.07954     0.00105
    13.01248     0.13904    -0.00029
    13.01248     0.13880    -0.00029
    13.01248     0.14025    -0.00033
    13.01248     0.14087    -0.00035
    13.01248     0.14071    -0.00035
    11.05770     0.18212    -0.00111
    11.05770     0.18463    -0.00115
    11.05770     0.18389    -0.00116
    11.05770     0.18889    -0.00131
    11.05770     0.18779    -0.00139
    13.01248     0.13742    -0.00025
    13.01248     0.13880    -0.00029
    13.01248     0.13703    -0.00024
    13.01248     0.13936    -0.00031
    13.01248     0.13918    -0.00031
    17.62043     0.07926     0.00107
    17.62043     0.07945     0.00106
    17.62043     0.07857     0.00108
    17.62043     0.07883     0.00107
    17.62043     0.07872     0.00107
    23.36104     0.04598     0.00186
    23.36104     0.04570     0.00187
    23.36104     0.04546     0.00187
    23.36104     0.04505     0.00189
    23.36104     0.04504     0.00189
    29.83931     0.04669     0.00183
    29.83931     0.04633     0.00183
    29.83931     0.04615     0.00184
    29.83931     0.04562     0.00186
    29.83931     0.04561     0.00186
    24.00639     0.04565     0.00189
    24.00639     0.04521     0.00190
    24.00639     0.04532     0.00189
    24.00639     0.04469     0.00191
    24.00639     0.04465     0.00191
    18.87676     0.07588     0.00124
    18.87676     0.07561     0.00125
    18.87676     0.07583     0.00124
    18.87676     0.07567     0.00124
    18.87676     0.07553     0.00123
    15.18094     0.12488     0.00032
    15.18094     0.12553     0.00030
    15.18094     0.12539     0.00030
    15.18094     0.12700     0.00025
    15.18094     0.12668     0.00024
    14.09586     0.15866    -0.00014
    14.09586     0.16141    -0.00018
    14.09586     0.15923    -0.00015
    14.09586     0.16494    -0.00023
    14.09586     0.16491    -0.00023
    16.15640     0.12896     0.00015
    16.15640     0.13051     0.00011
    16.15640     0.12846     0.00015
    16.15640     0.13112     0.00007
    16.15640     0.13068     0.00006
    20.43204     0.07926     0.00107
    20.43204     0.07945     0.00106
    20.43204     0.07857     0.00108
    20.43204     0.07883     0.00107
    20.43204     0.07872     0.00107
    11.77949     0.15015    -0.00072
    11.77949     0.15266    -0.00077
    11.77949     0.14824    -0.00070
    11.77949     0.15171    -0.00078
    11.77949     0.15135    -0.00076
    14.79105     0.08739     0.00065
    14.79105     0.08732     0.00065
    14.79105     0.08640     0.00067
    14.79105     0.08601     0.00070
    14.79105     0.08608     0.00071
    19.82164     0.04823     0.00174
    19.82164     0.04773     0.00175
    19.82164     0.04768     0.00175
    19.82164     0.04694     0.00179
    19.82164     0.04698     0.00179
    25.71231     0.04527     0.00191
    25.71231     0.04490     0.00192
    25.71231     0.04489     0.00192
    25.71231     0.04438     0.00194
    25.71231     0.04436     0.00193
    31.99144     0.07561     0.00126
    31.99144     0.07561     0.00125
    31.99144     0.07531     0.00126
    31.99144     0.07544     0.00125
    31.99144     0.07531     0.00125
    38.46927     0.12896     0.00015
    38.46927     0.13051     0.00011
    38.46927     0.12846     0.00015
    38.46927     0.13112     0.00007
    38.46927     0.13068     0.00006
    45.06019     0.17984    -0.00078
    45.06019     0.18517    -0.00084
    45.06019     0.17857    -0.00079
    45.06019     0.18787    -0.00094
    45.06019     0.18710    -0.00094
     8.74188     0.22377    -0.00263
     8.74188     0.23148    -0.00277
     8.74188     0.22275    -0.00264
     8.74188     0.23485    -0.00293
     8.74188     0.23390    -0.00295
     8.81022     0.18586    -0.00250
     8.81022     0.18804    -0.00255
     8.81022     0.18273    -0.00243
     8.81022     0.18363    -0.00242
     8.81022     0.18366    -0.00241
    13.15001     0.09724     0.00009
    13.15001     0.09621     0.00012
    13.15001     0.09592     0.00014
    13.15001     0.09373     0.00023
    13.15001     0.09389     0.00021
    19.03495     0.04941     0.00165
    19.03495     0.04880     0.00167
    19.03495     0.04880     0.00167
    19.03495     0.04781     0.00171
    19.03495     0.04779     0.00170
    25.41336     0.04502     0.00193
    25.41336     0.04464     0.00194
    25.41336     0.04462     0.00194
    25.41336     0.04416     0.00196
    25.41336     0.04417     0.00196
    31.99144     0.07561     0.00126
    31.99144     0.07561     0.00125
    31.99144     0.07531     0.00126
    31.99144     0.07544     0.00125
    31.99144     0.07531     0.00125
    38.66741     0.13742    -0.00025
    38.66741     0.13880    -0.00029
    38.66741     0.13703    -0.00024
    38.66741     0.13936    -0.00031
    38.66741     0.13918    -0.00031
    10.40135     0.16101    -0.00136
    10.40135     0.16133    -0.00137
    10.40135     0.16099    -0.00136
    10.40135     0.16104    -0.00136
    10.40135     0.16105    -0.00136
     5.52885     0.33382    -0.00693
     5.52885     0.34249    -0.00715
     5.52885     0.33740    -0.00702
     5.52885     0.34693    -0.00757
     5.52885     0.34974    -0.00759
     6.85943     0.25241    -0.00543
     6.85943     0.24498    -0.00517
     6.85943     0.24494    -0.00519
     6.85943     0.23006    -0.00466
     6.85943     0.23185    -0.00470
    12.55543     0.10285    -0.00022
    12.55543     0.10109    -0.00015
    12.55543     0.10116    -0.00015
    12.55543     0.09790    -0.00002
    12.55543     0.09821    -0.00004
    19.03495     0.04941     0.00165
    19.03495     0.04880     0.00167
    19.03495     0.04880     0.00167
    19.03495     0.04781     0.00171
    19.03495     0.04779     0.00170
    25.71231     0.04527     0.00191
    25.71231     0.04490     0.00192
    25.71231     0.04489     0.00192
    25.71231     0.04438     0.00194
    25.71231     0.04436     0.00193
    32.46568     0.07965     0.00104
    32.46568     0.07939     0.00105
    32.46568     0.07935     0.00105
    32.46568     0.07908     0.00106
    32.46568     0.07899     0.00105
    15.29899     0.08550     0.00075
    15.29899     0.08473     0.00077
    15.29899     0.08530     0.00076
    15.29899     0.08433     0.00080
    15.29899     0.08437     0.00080
     8.81022     0.19179    -0.00263
     8.81022     0.18804    -0.00255
     8.81022     0.19318    -0.00267
     8.81022     0.18761    -0.00252
     8.81022     0.18780    -0.00251
     3.90949     0.54814    -0.01360
     3.90949     0.50140    -0.01302
     3.90949     0.62942    -0.01464
     3.90949     0.58403    -0.01501
     3.90949     0.57214    -0.01443
     6.85943     0.25241    -0.00543
     6.85943     0.24498    -0.00517
     6.85943     0.24494    -0.00519
     6.85943     0.23006    -0.00466
     6.85943     0.23185    -0.00470
    13.15001     0.09724     0.00009
    13.15001     0.09621     0.00012
    13.15001     0.09592     0.00014
    13.15001     0.09373     0.00023
    13.15001     0.09389     0.00021
    19.82164     0.04823     0.00174
    19.82164     0.04773     0.00175
    19.82164     0.04768     0.00175
    19.82164     0.04694     0.00179
    19.82164     0.04698     0.00179
    26.58901     0.04606     0.00186
    26.58901     0.04559     0.00187
    26.58901     0.04566     0.00187
    26.58901     0.04500     0.00189
    26.58901     0.04493     0.00188
    21.30807     0.04688     0.00182
    21.30807     0.04633     0.00183
    21.30807     0.04653     0.00183
    21.30807     0.04579     0.00186
    21.30807     0.04579     0.00186
    14.79105     0.08841     0.00062
    14.79105     0.08732     0.00065
    14.79105     0.08830     0.00062
    14.79105     0.08683     0.00068
    14.79105     0.08689     0.00068
     8.81022     0.19179    -0.00263
     8.81022     0.18804    -0.00255
     8.81022     0.19318    -0.00267
     8.81022     0.18761    -0.00252
     8.81022     0.18780    -0.00251
     5.52885     0.33382    -0.00693
     5.52885     0.34249    -0.00715
     5.52885     0.33740    -0.00702
     5.52885     0.34693    -0.00757
     5.52885     0.34974    -0.00759
     8.81022     0.18586    -0.00250
     8.81022     0.18804    -0.00255
     8.81022     0.18273    -0.00243
     8.81022     0.18363    -0.00242
     8.81022     0.18366    -0.00241
    14.79105     0.08739     0.00065
    14.79105     0.08732     0.00065
    14.79105     0.08640     0.00067
    14.79105     0.08601     0.00070
    14.79105     0.08608     0.00071
    21.30807     0.04669     0.00183
    21.30807     0.04633     0.00183
    21.30807     0.04615     0.00184
    21.30807     0.04562     0.00186
    21.30807     0.04561     0.00186
    27.71483     0.04598     0.00186
    27.71483     0.04570     0.00187
    27.71483     0.04546     0.00187
    27.71483     0.04505     0.00189
    27.71483     0.04504     0.00189
    21.30807     0.04688     0.00182
    21.30807     0.04633     0.00183
    21.30807     0.04653     0.00183
    21.30807     0.04579     0.00186
    21.30807     0.04579     0.00186
    15.29899     0.08550     0.00075
    15.29899     0.08473     0.00077
    15.29899     0.08530     0.00076
    15.29899     0.08433     0.00080
    15.29899     0.08437     0.00080
    10.40135     0.16101    -0.00136
    10.40135     0.16133    -0.00137
    10.40135     0.16099    -0.00136
    10.40135     0.16104    -0.00136
    10.40135     0.16105    -0.00136
     8.74188     0.22377    -0.00263
     8.74188     0.23148    -0.00277
     8.74188     0.22275    -0.00264
     8.74188     0.23485    -0.00293
     8.74188     0.23390    -0.00295
    11.77949     0.15015    -0.00072
    11.77949     0.15266    -0.00077
    11.77949     0.14824    -0.00070
    11.77949     0.15171    -0.00078
    11.77949     0.15135    -0.00076
    17.18126     0.08107     0.00099
    17.18126     0.08141     0.00098
    17.18126     0.08018     0.00101
    17.18126     0.08052     0.00100
    17.18126     0.08044     0.00100
    34.29713     0.08107     0.00099
    34.29713     0.08141     0.00098
    34.29713     0.08018     0.00101
    34.29713     0.08052     0.00100
    34.29713     0.08044     0.00100
    27.98921     0.04669     0.00183
    27.98921     0.04633     0.00183
    27.98921     0.04615     0.00184
    27.98921     0.04562     0.00186
    27.98921     0.04561     0.00186
    22.01368     0.04606     0.00186
    22.01368     0.04559     0.00187
    22.01368     0.04566     0.00187
    22.01368     0.04500     0.00189
    22.01368     0.04493     0.00188
    16.73056     0.07965     0.00104
    16.73056     0.07939     0.00105
    16.73056     0.07935     0.00105
    16.73056     0.07908     0.00106
    16.73056     0.07899     0.00105
    13.01248     0.13742    -0.00025
    13.01248     0.13880    -0.00029
    13.01248     0.13703    -0.00024
    13.01248     0.13936    -0.00031
    13.01248     0.13918    -0.00031
    12.36289     0.17984    -0.00078
    12.36289     0.18517    -0.00084
    12.36289     0.17857    -0.00079
    12.36289     0.18787    -0.00094
    12.36289     0.18710    -0.00094
    15.18094     0.13853    -0.00016
    15.18094     0.14106    -0.00020
    15.18094     0.13689    -0.00015
    15.18094     0.14057    -0.00025
    15.18094     0.14004    -0.00025
    11.72847     0.19698    -0.00096
    11.72847     0.20622    -0.00095
    11.72847     0.19228    -0.00103
    11.72847     0.20758    -0.00118
    11.72847     0.20508    -0.00118
    11.77949     0.15015    -0.00072
    11.77949     0.15266    -0.00077
    11.77949     0.14824    -0.00070
    11.77949     0.15171    -0.00078
    11.77949     0.15135    -0.00076
    15.29899     0.08489     0.00077
    15.29899     0.08473     0.00077
    15.29899     0.08415     0.00079
    15.29899     0.08382     0.00081
    15.29899     0.08387     0.00082
    20.57828     0.04720     0.00179
    20.57828     0.04674     0.00180
    20.57828     0.04673     0.00180
    20.57828     0.04607     0.00183
    20.57828     0.04607     0.00183
    26.58901     0.04597     0.00186
    26.58901     0.04559     0.00187
    26.58901     0.04551     0.00187
    26.58901     0.04493     0.00189
    26.58901     0.04486     0.00189
    32.93309     0.07926     0.00107
    32.93309     0.07945     0.00106
    32.93309     0.07857     0.00108
    32.93309     0.07883     0.00107
    32.93309     0.07872     0.00107
    39.45003     0.13853    -0.00016
    39.45003     0.14106    -0.00020
    39.45003     0.13689    -0.00015
    39.45003     0.14057    -0.00025
    39.45003     0.14004    -0.00025
    11.77949     0.15015    -0.00072
    11.77949     0.15266    -0.00077
    11.77949     0.14824    -0.00070
    11.77949     0.15171    -0.00078
    11.77949     0.15135    -0.00076
     7.81898     0.26494    -0.00346
     7.81898     0.28298    -0.00362
     7.81898     0.25510    -0.00349
     7.81898     0.28235    -0.00402
     7.81898     0.27765    -0.00392
     8.81022     0.18586    -0.00250
     8.81022     0.18804    -0.00255
     8.81022     0.18273    -0.00243
     8.81022     0.18363    -0.00242
     8.81022     0.18366    -0.00241
    13.71885     0.09330     0.00032
    13.71885     0.09237     0.00035
    13.71885     0.09239     0.00035
    13.71885     0.09066     0.00042
    13.71885     0.09079     0.00042
    19.82164     0.04830     0.00173
    19.82164     0.04773     0.00175
    19.82164     0.04781     0.00175
    19.82164     0.04699     0.00178
    19.82164     0.04702     0.00178
    26.30002     0.04554     0.00189
    26.30002     0.04521     0.00190
    26.30002     0.04510     0.00190
    26.30002     0.04460     0.00192
    26.30002     0.04458     0.00192
    32.93309     0.07926     0.00107
    32.93309     0.07945     0.00106
    32.93309     0.07857     0.00108
    32.93309     0.07883     0.00107
    32.93309     0.07872     0.00107
    15.29899     0.08489     0.00077
    15.29899     0.08473     0.00077
    15.29899     0.08415     0.00079
    15.29899     0.08382     0.00081
    15.29899     0.08387     0.00082
     8.81022     0.18586    -0.00250
     8.81022     0.18804    -0.00255
     8.81022     0.18273    -0.00243
     8.81022     0.18363    -0.00242
     8.81022     0.18366    -0.00241
     3.90949     0.45164    -0.01182
     3.90949     0.50140    -0.01302
     3.90949     0.43127    -0.01117
     3.90949     0.48736    -0.01294
     3.90949     0.48801    -0.01240
     6.85943     0.25241    -0.00543
     6.85943     0.24498    -0.00517
     6.85943     0.24494    -0.00519
     6.85943     0.23006    -0.00466
     6.85943     0.23185    -0.00470
    13.15001     0.09765     0.00007
    13.15001     0.09621     0.00012
    13.15001     0.09661     0.00011
    13.15001     0.09403     0.00021
    13.15001     0.09420     0.00020
    19.82164     0.04830     0.00173
    19.82164     0.04773     0.00175
    19.82164     0.04781     0.00175
    19.82164     0.04699     0.00178
    19.82164     0.04702     0.00178
    26.58901     0.04597     0.00186
    26.58901     0.04559     0.00187
    26.58901     0.04551     0.00187
    26.58901     0.04493     0.00189
    26.58901     0.04486     0.00189
    20.57828     0.04720     0.00179
    20.57828     0.04674     0.00180
    20.57828     0.04673     0.00180
    20.57828     0.04607     0.00183
    20.57828     0.04607     0.00183
    13.71885     0.09330     0.00032
    13.71885     0.09237     0.00035
    13.71885     0.09239     0.00035
    13.71885     0.09066     0.00042
    13.71885     0.09079     0.00042
     6.85943     0.25241    -0.00543
     6.85943     0.24498    -0.00517
     6.85943     0.24494    -0.00519
     6.85943     0.23006    -0.00466
     6.85943     0.23185    -0.00470
     0.00000     1.55395    -0.04638
     0.00000     1.32768    -0.04427
     0.00000     2.09944    -0.04951
     0.00000     1.30577    -0.04477
     0.00000     1.30286    -0.04541
     6.85943     0.25241    -0.00543
     6.85943     0.24498    -0.00517
     6.85943     0.24494    -0.00519
     6.85943     0.23006    -0.00466
     6.85943     0.23185    -0.00470
    13.71885     0.09330     0.00032
    13.71885     0.09237     0.00035
    13.71885     0.09239     0.00035
    13.71885     0.09066     0.00042
    13.71885     0.09079     0.00042
    20.57828     0.04720     0.00179
    20.57828     0.04674     0.00180
    20.57828     0.04673     0.00180
    20.57828     0.04607     0.00183
    20.57828     0.04607     0.00183
    26.58901     0.04597     0.00186
    26.58901     0.04559     0.00187
    26.58901     0.04551     0.00187
    26.58901     0.04493     0.00189
    26.58901     0.04486     0.00189
    19.82164     0.04830     0.00173
    19.82164     0.04773     0.00175
    19.82164     0.04781     0.00175
    19.82164     0.04699     0.00178
    19.82164     0.04702     0.00178
    13.15001     0.09765     0.00007
    13.15001     0.09621     0.00012
    13.15001     0.09661     0.00011
    13.15001     0.09403     0.00021
    13.15001     0.09420     0.00020
     6.85943     0.25241    -0.00543
     6.85943     0.24498    -0.00517
     6.85943     0.24494    -0.00519
     6.85943     0.23006    -0.00466
     6.85943     0.23185    -0.00470
     3.90949     0.45164    -0.01182
     3.90949     0.50140    -0.01302
     3.90949     0.43127    -0.01117
     3.90949     0.48736    -0.01294
     3.90949     0.48801    -0.01240
     8.81022     0.18586    -0.00250
     8.81022     0.18804    -0.00255
     8.81022     0.18273    -0.00243
     8.81022     0.18363    -0.00242
     8.81022     0.18366    -0.00241
    15.29899     0.08489     0.00077
    15.29899     0.08473     0.00077
    15.29899     0.08415     0.00079
    15.29899     0.08382     0.00081
    15.29899     0.08387     0.00082
    32.93309     0.07926     0.00107
    32.93309     0.07945     0.00106
    32.93309     0.07857     0.00108
    32.93309     0.07883     0.00107
    32.93309     0.07872     0.00107
    26.30002     0.04554     0.00189
    26.30002     0.04521     0.00190
    26.30002     0.04510     0.00190
    26.30002     0.04460     0.00192
    26.30002     0.04458     0.00192
    19.82164     0.04830     0.00173
    19.82164     0.04773     0.00175
    19.82164     0.04781     0.00175
    19.82164     0.04699     0.00178
    19.82164     0.04702     0.00178
    13.71885     0.09330     0.00032
    13.71885     0.09237     0.00035
    13.71885     0.09239     0.00035
    13.71885     0.09066     0.00042
    13.71885     0.09079     0.00042
     8.81022     0.18586    -0.00250
     8.81022     0.18804    -0.00255
     8.81022     0.18273    -0.00243
     8.81022     0.18363    -0.00242
     8.81022     0.18366    -0.00241
     7.81898     0.26494    -0.00346
     7.81898     0.28298    -0.00362
     7.81898     0.25510    -0.00349
     7.81898     0.28235    -0.00402
     7.81898     0.27765    -0.00392
    11.77949     0.15015    -0.00072
    11.77949     0.15266    -0.00077
    11.77949     0.14824    -0.00070
    11.77949     0.15171    -0.00078
    11.77949     0.15135    -0.00076
    39.45003     0.13853    -0.00016
    39.45003     0.14106    -0.00020
    39.45003     0.13689    -0.00015
    39.45003     0.14057    -0.00025
    39.45003     0.14004    -0.00025
    32.93309     0.07926     0.00107
    32.93309     0.07945     0.00106
    32.93309     0.07857     0.00108
    32.93309     0.07883     0.00107
    32.93309     0.07872     0.00107
    26.58901     0.04597     0.00186
    26.58901     0.04559     0.00187
    26.58901     0.04551     0.00187
    26.58901     0.04493     0.00189
    26.58901     0.04486     0.00189
    20.57828     0.04720     0.00179
    20.57828     0.04674     0.00180
    20.57828     0.04673     0.00180
    20.57828     0.04607     0.00183
    20.57828     0.04607     0.00183
    15.29899     0.08489     0.00077
    15.29899     0.08473     0.00077
    15.29899     0.08415     0.00079
    15.29899     0.08382     0.00081
    15.29899     0.08387     0.00082
    11.77949     0.15015    -0.00072
    11.77949     0.15266    -0.00077
    11.77949     0.14824    -0.00070
    11.77949     0.15171    -0.00078
    11.77949     0.15135    -0.00076
    11.72847     0.19698    -0.00096
    11.72847     0.20622    -0.00095
    11.72847     0.19228    -0.00103
    11.72847     0.20758    -0.00118
    11.72847     0.20508    -0.00118
    15.18094     0.13853    -0.00016
    15.18094     0.14106    -0.00020
    15.18094     0.13689    -0.00015
    15.18094     0.14057    -0.00025
    15.18094     0.14004    -0.00025
    12.36289     0.17984    -0.00078
    12.36289     0.18517    -0.00084
    12.36289     0.17857    -0.00079
    12.36289     0.18787    -0.00094
    12.36289     0.18710    -0.00094
    13.01248     0.13742    -0.00025
    13.01248     0.13880    -0.00029
    13.01248     0.13703    -0.00024
    13.01248     0.13936    -0.00031
    13.01248     0.13918    -0.00031
    16.73056     0.07965     0.00104
    16.73056     0.07939     0.00105
    16.73056     0.07935     0.00105
    16.73056     0.07908     0.00106
    16.73056     0.07899     0.00105
    22.01368     0.04606     0.00186
    22.01368     0.04559     0.00187
    22.01368     0.04566     0.00187
    22.01368     0.04500     0.00189
    22.01368     0.04493     0.00188
    27.98921     0.04669     0.00183
    27.98921     0.04633     0.00183
    27.98921     0.04615     0.00184
    27.98921     0.04562     0.00186
    27.98921     0.04561     0.00186
    34.29713     0.08107     0.00099
    34.29713     0.08141     0.00098
    34.29713     0.08018     0.00101
    34.29713     0.08052     0.00100
    34.29713     0.08044     0.00100
    17.18126     0.08107     0.00099
    17.18126     0.08141     0.00098
    17.18126     0.08018     0.00101
    17.18126     0.08052     0.00100
    17.18126     0.08044     0.00100
    11.77949     0.15015    -0.00072
    11.77949     0.15266    -0.00077
    11.77949     0.14824    -0.00070
    11.77949     0.15171    -0.00078
    11.77949     0.15135    -0.00076
     8.74188     0.22377    -0.00263
     8.74188     0.23148    -0.00277
     8.74188     0.22275    -0.00264
     8.74188     0.23485    -0.00293
     8.74188     0.23390    -0.00295
    10.40135     0.16101    -0.00136
    10.40135     0.16133    -0.00137
    10.40135     0.16099    -0.00136
    10.40135     0.16104    -0.00136
    10.40135     0.16105    -0.00136
    15.29899     0.08550     0.00075
    15.29899     0.08473     0.00077
    15.29899     0.08530     0.00076
    15.29899     0.08433     0.00080
    15.29899     0.08437     0.00080
    21.30807     0.04688     0.00182
    21.30807     0.04633     0.00183
    21.30807     0.04653     0.00183
    21.30807     0.04579     0.00186
    21.30807     0.04579     0.00186
    27.71483     0.04598     0.00186
    27.71483     0.04570     0.00187
    27.71483     0.04546     0.00187
    27.71483     0.04505     0.00189
    27.71483     0.04504     0.00189
    21.30807     0.04669     0.00183
    21.30807     0.04633     0.00183
    21.30807     0.04615     0.00184
    21.30807     0.04562     0.00186
    21.30807     0.04561     0.00186
    14.79105     0.08739     0.00065
    14.79105     0.08732     0.00065
    14.79105     0.08640     0.00067
    14.79105     0.08601     0.00070
    14.79105     0.08608     0.00071
     8.81022     0.18586    -0.00250
     8.81022     0.18804    -0.00255
     8.81022     0.18273    -0.00243
     8.81022     0.18363    -0.00242
     8.81022     0.18366    -0.00241
     5.52885     0.33382    -0.00693
     5.52885     0.34249    -0.00715
     5.52885     0.33740    -0.00702
     5.52885     0.34693    -0.00757
     5.52885     0.34974    -0.00759
     8.81022     0.19179    -0.00263
     8.81022     0.18804    -0.00255
     8.81022     0.19318    -0.00267
     8.81022     0.18761    -0.00252
     8.81022     0.18780    -0.00251
    14.79105     0.08841     0.00062
    14.79105     0.08732     0.00065
    14.79105     0.08830     0.00062
    14.79105     0.08683     0.00068
    14.79105     0.08689     0.00068
    21.30807     0.04688     0.00182
    21.30807     0.04633     0.00183
    21.30807     0.04653     0.00183
    21.30807     0.04579     0.00186
    21.30807     0.04579     0.00186
    26.58901     0.04606     0.00186
    26.58901     0.04559     0.00187
    26.58901     0.04566     0.00187
    26.58901     0.04500     0.00189
    26.58901     0.04493     0.00188
    19.82164     0.04823     0.00174
    19.82164     0.04773     0.00175
    19.82164     0.04768     0.00175
    19.82164     0.04694     0.00179
    19.82164     0.04698     0.00179
    13.15001     0.09724     0.00009
    13.15001     0.09621     0.00012
    13.15001     0.09592     0.00014
    13.15001     0.09373     0.00023
    13.15001     0.09389     0.00021
     6.85943     0.25241    -0.00543
     6.85943     0.24498    -0.00517
     6.85943     0.24494    -0.00519
     6.85943     0.23006    -0.00466
     6.85943     0.23185    -0.00470
     3.90949     0.54814    -0.01360
     3.90949     0.50140    -0.01302
     3.90949     0.62942    -0.01464
     3.90949     0.58403    -0.01501
     3.90949     0.57214    -0.01443
     8.81022     0.19179    -0.00263
     8.81022     0.18804    -0.00255
     8.81022     0.19318    -0.00267
     8.81022     0.18761    -0.00252
     8.81022     0.18780    -0.00251
    15.29899     0.08550     0.00075
    15.29899     0.08473     0.00077
    15.29899     0.08530     0.00076
    15.29899     0.08433     0.00080
    15.29899     0.08437     0.00080
    32.46568     0.07965     0.00104
    32.46568     0.07939     0.00105
    32.46568     0.07935     0.00105
    32.46568     0.07908     0.00106
    32.46568     0.07899     0.00105
    25.71231     0.04527     0.00191
    25.71231     0.04490     0.00192
    25.71231     0.04489     0.00192
    25.71231     0.04438     0.00194
    25.71231     0.04436     0.00193
    19.03495     0.04941     0.00165
    19.03495     0.04880     0.00167
    19.03495     0.04880     0.00167
    19.03495     0.04781     0.00171
    19.03495     0.04779     0.00170
    12.55543     0.10285    -0.00022
    12.55543     0.10109    -0.00015
    12.55543     0.10116    -0.00015
    12.55543     0.09790    -0.00002
    12.55543     0.09821    -0.00004
     6.85943     0.25241    -0.00543
     6.85943     0.24498    -0.00517
     6.85943     0.24494    -0.00519
     6.85943     0.23006    -0.00466
     6.85943     0.23185    -0.00470
     5.52885     0.33382    -0.00693
     5.52885     0.34249    -0.00715
     5.52885     0.33740    -0.00702
     5.52885     0.34693    -0.00757
     5.52885     0.34974    -0.00759
    10.40135     0.16101    -0.00136
    10.40135     0.16133    -0.00137
    10.40135     0.16099    -0.00136
    10.40135     0.16104    -0.00136
    10.40135     0.16105    -0.00136
    38.66741     0.13742    -0.00025
    38.66741     0.13880    -0.00029
    38.66741     0.13703    -0.00024
    38.66741     0.13936    -0.00031
    38.66741     0.13918    -0.00031
    31.99144     0.07561     0.00126
    31.99144     0.07561     0.00125
    31.99144     0.07531     0.00126
    31.99144     0.07544     0.00125
    31.99144     0.07531     0.00125
    25.41336     0.04502     0.00193
    25.41336     0.04464     0.00194
    25.41336     0.04462     0.00194
    25.41336     0.04416     0.00196
    25.41336     0.04417     0.00196
    19.03495     0.04941     0.00165
    19.03495     0.04880     0.00167
    19.03495     0.04880     0.00167
    19.03495     0.04781     0.00171
    19.03495     0.04779     0.00170
    13.15001     0.09724     0.00009
    13.15001     0.09621     0.00012
    13.15001     0.09592     0.00014
    13.15001     0.09373     0.00023
    13.15001     0.09389     0.00021
     8.81022     0.18586    -0.00250
     8.81022     0.18804    -0.00255
     8.81022     0.18273    -0.00243
     8.81022     0.18363    -0.00242
     8.81022     0.18366    -0.00241
     8.74188     0.22377    -0.00263
     8.74188     0.23148    -0.00277
     8.74188     0.22275    -0.00264
     8.74188     0.23485    -0.00293
     8.74188     0.23390    -0.00295
    45.06019     0.17984    -0.00078
    45.06019     0.18517    -0.00084
    45.06019     0.17857    -0.00079
    45.06019     0.18787    -0.00094
    45.06019     0.18710    -0.00094
    38.46927     0.12896     0.00015
    38.46927     0.13051     0.00011
    38.46927     0.12846     0.00015
    38.46927     0.13112     0.00007
    38.46927     0.13068     0.00006
    31.99144     0.07561     0.00126
    31.99144     0.07561     0.00125
    31.99144     0.07531     0.00126
    31.99144     0.07544     0.00125
    31.99144     0.07531     0.00125
    25.71231     0.04527     0.00191
    25.71231     0.04490     0.00192
    25.71231     0.04489     0.00192
    25.71231     0.04438     0.00194
    25.71231     0.04436     0.00193
    19.82164     0.04823     0.00174
    19.82164     0.04773     0.00175
    19.82164     0.04768     0.00175
    19.82164     0.04694     0.00179
    19.82164     0.04698     0.00179
    14.79105     0.08739     0.00065
    14.79105     0.08732     0.00065
    14.79105     0.08640     0.00067
    14.79105     0.08601     0.00070
    14.79105     0.08608     0.00071
    11.77949     0.15015    -0.00072
    11.77949     0.15266    -0.00077
    11.77949     0.14824    -0.00070
    11.77949     0.15171    -0.00078
    11.77949     0.15135    -0.00076
    20.43204     0.07926     0.00107
    20.43204     0.07945     0.00106
    20.43204     0.07857     0.00108
    20.43204     0.07883     0.00107
    20.43204     0.07872     0.00107
    16.15640     0.12896     0.00015
    16.15640     0.13051     0.00011
    16.15640     0.12846     0.00015
    16.15640     0.13112     0.00007
    16.15640     0.13068     0.00006
    14.09586     0.15866    -0.00014
    14.09586     0.16141    -0.00018
    14.09586     0.15923    -0.00015
    14.09586     0.16494    -0.00023
    14.09586     0.16491    -0.00023
    15.18094     0.12488     0.00032
    15.18094     0.12553     0.00030
    15.18094     0.12539     0.00030
    15.18094     0.12700     0.00025
    15.18094     0.12668     0.00024
    18.87676     0.07588     0.00124
    18.87676     0.07561     0.00125
    18.87676     0.07583     0.00124
    18.87676     0.07567     0.00124
    18.87676     0.07553     0.00123
    24.00639     0.04565     0.00189
    24.00639     0.04521     0.00190
    24.00639     0.04532     0.00189
    24.00639     0.04469     0.00191
    24.00639     0.04465     0.00191
    29.83931     0.04669     0.00183
    29.83931     0.04633     0.00183
    29.83931     0.04615     0.00184
    29.83931     0.04562     0.00186
    29.83931     0.04561     0.00186
    23.36104     0.04598     0.00186
    23.36104     0.04570     0.00187
    23.36104     0.04546     0.00187
    23.36104     0.04505     0.00189
    23.36104     0.04504     0.00189
    17.62043     0.07926     0.00107
    17.62043     0.07945     0.00106
    17.62043     0.07857     0.00108
    17.62043     0.07883     0.00107
    17.62043     0.07872     0.00107
    13.01248     0.13742    -0.00025
    13.01248     0.13880    -0.00029
    13.01248     0.13703    -0.00024
    13.01248     0.13936    -0.00031
    13.01248     0.13918    -0.00031
    11.05770     0.18212    -0.00111
    11.05770     0.18463    -0.00115
    11.05770     0.18389    -0.00116
    11.05770     0.18889    -0.00131
    11.05770     0.18779    -0.00139
    13.01248     0.13904    -0.00029
    13.01248     0.13880    -0.00029
    13.01248     0.14025    -0.00033
    13.01248     0.14087    -0.00035
    13.01248     0.14071    -0.00035
    17.62043     0.08017     0.00105
    17.62043     0.07945     0.00106
    17.62043     0.08033     0.00104
    17.62043     0.07965     0.00105
    17.62043     0.07954     0.00105
    23.36104     0.04625     0.00186
    23.36104     0.04570     0.00187
    23.36104     0.04597     0.00186
    23.36104     0.04526     0.00189
    23.36104     0.04526     0.00189
    27.71483     0.04625     0.00186
    27.71483     0.04570     0.00187
    27.71483     0.04597     0.00186
    27.71483     0.04526     0.00189
    27.71483     0.04526     0.00189
    21.30807     0.04669     0.00183
    21.30807     0.04633     0.00183
    21.30807     0.04615     0.00184
    21.30807     0.04562     0.00186
    21.30807     0.04561     0.00186
    15.29899     0.08489     0.00077
    15.29899     0.08473     0.00077
    15.29899     0.08415     0.00079
    15.29899     0.08382     0.00081
    15.29899     0.08387     0.00082
    10.40135     0.16101    -0.00136
    10.40135     0.16133    -0.00137
    10.40135     0.16099    -0.00136
    10.40135     0.16104    -0.00136
    10.40135     0.16105    -0.00136
     8.74188     0.23067    -0.00280
     8.74188     0.23148    -0.00277
     8.74188     0.23708    -0.00297
     8.74188     0.24207    -0.00306
     8.74188     0.24200    -0.00308
    11.77949     0.15495    -0.00078
    11.77949     0.15266    -0.00077
    11.77949     0.15750    -0.00084
    11.77949     0.15588    -0.00085
    11.77949     0.15554    -0.00083
    17.18126     0.08240     0.00097
    17.18126     0.08141     0.00098
    17.18126     0.08272     0.00096
    17.18126     0.08167     0.00098
    17.18126     0.08160     0.00098
    32.93309     0.08017     0.00105
    32.93309     0.07945     0.00106
    32.93309     0.08033     0.00104
    32.93309     0.07965     0.00105
    32.93309     0.07954     0.00105
    26.30002     0.04565     0.00189
    26.30002     0.04521     0.00190
    26.30002     0.04532     0.00189
    26.30002     0.04469     0.00191
    26.30002     0.04465     0.00191
    19.82164     0.04823     0.00174
    19.82164     0.04773     0.00175
    19.82164     0.04768     0.00175
    19.82164     0.04694     0.00179
    19.82164     0.04698     0.00179
    13.71885     0.09330     0.00032
    13.71885     0.09237     0.00035
    13.71885     0.09239     0.00035
    13.71885     0.09066     0.00042
    13.71885     0.09079     0.00042
     8.81022     0.19179    -0.00263
     8.81022     0.18804    -0.00255
     8.81022     0.19318    -0.00267
     8.81022     0.18761    -0.00252
     8.81022     0.18780    -0.00251
     7.81898     0.29887    -0.00343
     7.81898     0.28298    -0.00362
     7.81898     0.32545    -0.00345
     7.81898     0.32101    -0.00410
     7.81898     0.31400    -0.00400
    11.77949     0.15495    -0.00078
    11.77949     0.15266    -0.00077
    11.77949     0.15750    -0.00084
    11.77949     0.15588    -0.00085
    11.77949     0.15554    -0.00083
    38.66741     0.13904    -0.00029
    38.66741     0.13880    -0.00029
    38.66741     0.14025    -0.00033
    38.66741     0.14087    -0.00035
    38.66741     0.14071    -0.00035
    31.99144     0.07588     0.00124
    31.99144     0.07561     0.00125
    31.99144     0.07583     0.00124
    31.99144     0.07567     0.00124
    31.99144     0.07553     0.00123
    25.41336     0.04502     0.00193
    25.41336     0.04464     0.00194
    25.41336     0.04462     0.00194
    25.41336     0.04419     0.00196
    25.41336     0.04419     0.00196
    19.03495     0.04941     0.00165
    19.03495     0.04880     0.00167
    19.03495     0.04880     0.00167
    19.03495     0.04781     0.00171
    19.03495     0.04779     0.00170
    13.15001     0.09765     0.00007
    13.15001     0.09621     0.00012
    13.15001     0.09661     0.00011
    13.15001     0.09403     0.00021
    13.15001     0.09420     0.00020
     8.81022     0.19179    -0.00263
     8.81022     0.18804    -0.00255
     8.81022     0.19318    -0.00267
     8.81022     0.18761    -0.00252
     8.81022     0.18780    -0.00251
     8.74188     0.23067    -0.00280
     8.74188     0.23148    -0.00277
     8.74188     0.23708    -0.00297
     8.74188     0.24207    -0.00306
     8.74188     0.24200    -0.00308
    44.71971     0.18212    -0.00111
    44.71971     0.18463    -0.00115
    44.71971     0.18389    -0.00116
    44.71971     0.18889    -0.00131
    44.71971     0.18779    -0.00139
    38.06989     0.12488     0.00032
    38.06989     0.12553     0.00030
    38.06989     0.12539     0.00030
    38.06989     0.12700     0.00025
    38.06989     0.12668     0.00024
    31.51006     0.07313     0.00141
    31.51006     0.07306     0.00141
    31.51006     0.07302     0.00141
    31.51006     0.07324     0.00141
    31.51006     0.07321     0.00141
    25.11085     0.04460     0.00195
    25.11085     0.04424     0.00196
    25.11085     0.04421     0.00196
    25.11085     0.04365     0.00197
    25.11085     0.04351     0.00197
    19.03495     0.04941     0.00165
    19.03495     0.04880     0.00167
    19.03495     0.04880     0.00167
    19.03495     0.04781     0.00171
    19.03495     0.04779     0.00170
    13.71885     0.09330     0.00032
    13.71885     0.09237     0.00035
    13.71885     0.09239     0.00035
    13.71885     0.09066     0.00042
    13.71885     0.09079     0.00042
    10.40135     0.16101    -0.00136
    10.40135     0.16133    -0.00137
    10.40135     0.16099    -0.00136
    10.40135     0.16104    -0.00136
    10.40135     0.16105    -0.00136
    50.97686     0.13742    -0.00025
    50.97686     0.13880    -0.00029
    50.97686     0.13703    -0.00024
    50.97686     0.13936    -0.00031
    50.97686     0.13918    -0.00031
    44.37662     0.15866    -0.00014
    44.37662     0.16141    -0.00018
    44.37662     0.15923    -0.00015
    44.37662     0.16494    -0.00023
    44.37662     0.16491    -0.00023
    37.86862     0.11958     0.00056
    37.86862     0.12045     0.00054
    37.86862     0.11992     0.00055
    37.86862     0.12188     0.00050
    37.86862     0.12157     0.00049
    31.51006     0.07313     0.00141
    31.51006     0.07306     0.00141
    31.51006     0.07302     0.00141
    31.51006     0.07324     0.00141
    31.51006     0.07321     0.00141
    25.41336     0.04502     0.00193
    25.41336     0.04464     0.00194
    25.41336     0.04462     0.00194
    25.41336     0.04419     0.00196
    25.41336     0.04419     0.00196
    19.82164     0.04823     0.00174
    19.82164     0.04773     0.00175
    19.82164     0.04768     0.00175
    19.82164     0.04694     0.00179
    19.82164     0.04698     0.00179
    15.29900     0.08489     0.00077
    15.29900     0.08473     0.00077
    15.29900     0.08415     0.00079
    15.29900     0.08382     0.00081
    15.29900     0.08387     0.00082
    26.43065     0.04597     0.00186
    26.43065     0.04559     0.00187
    26.43065     0.04551     0.00187
    26.43065     0.04493     0.00189
    26.43065     0.04486     0.00189
    21.52489     0.07561     0.00126
    21.52489     0.07561     0.00125
    21.52489     0.07531     0.00126
    21.52489     0.07544     0.00125
    21.52489     0.07531     0.00125
    17.94897     0.11958     0.00056
    17.94897     0.12045     0.00054
    17.94897     0.11992     0.00055
    17.94897     0.12188     0.00050
    17.94897     0.12157     0.00049
    16.58655     0.14518     0.00036
    16.58655     0.14670     0.00035
    16.58655     0.14649     0.00034
    16.58655     0.15037     0.00030
    16.58655     0.15019     0.00030
    17.94897     0.12000     0.00055
    17.94897     0.12045     0.00054
    17.94897     0.12075     0.00052
    17.94897     0.12224     0.00048
    17.94897     0.12189     0.00047
    21.52489     0.07588     0.00124
    21.52489     0.07561     0.00125
    21.52489     0.07583     0.00124
    21.52489     0.07567     0.00124
    21.52489     0.07553     0.00123
    26.43065     0.04606     0.00186
    26.43065     0.04559     0.00187
    26.43065     0.04566     0.00187
    26.43065     0.04500     0.00189
    26.43065     0.04493     0.00188
    29.83931     0.04688     0.00182
    29.83931     0.04633     0.00183
    29.83931     0.04653     0.00183
    29.83931     0.04579     0.00186
    29.83931     0.04579     0.00186
    24.00639     0.04554     0.00189
    24.00639     0.04521     0.00190
    24.00639     0.04510     0.00190
    24.00639     0.04460     0.00192
    24.00639     0.04458     0.00192
    18.87676     0.07561     0.00126
    18.87676     0.07561     0.00125
    18.87676     0.07531     0.00126
    18.87676     0.07544     0.00125
    18.87676     0.07531     0.00125
    15.18094     0.12488     0.00032
    15.18094     0.12553     0.00030
    15.18094     0.12539     0.00030
    15.18094     0.12700     0.00025
    15.18094     0.12668     0.00024
    14.09586     0.16047    -0.00017
    14.09586     0.16141    -0.00018
    14.09586     0.16296    -0.00022
    14.09586     0.16676    -0.00027
    14.09586     0.16673    -0.00028
    16.15640     0.13090     0.00010
    16.15640     0.13051     0.00011
    16.15640     0.13233     0.00005
    16.15640     0.13301     0.00002
    16.15640     0.13262     0.00001
    20.43204     0.08017     0.00105
    20.43204     0.07945     0.00106
    20.43204     0.08033     0.00104
    20.43204     0.07965     0.00105
    20.43204     0.07954     0.00105
    34.29713     0.08240     0.00097
    34.29713     0.08141     0.00098
    34.29713     0.08272     0.00096
    34.29713     0.08167     0.00098
    34.29713     0.08160     0.00098
    27.98921     0.04688     0.00182
    27.98921     0.04633     0.00183
    27.98921     0.04653     0.00183
    27.98921     0.04579     0.00186
    27.98921     0.04579     0.00186
    22.01368     0.04597     0.00186
    22.01368     0.04559     0.00187
    22.01368     0.04551     0.00187
    22.01368     0.04493     0.00189
    22.01368     0.04486     0.00189
    16.73056     0.07965     0.00104
    16.73056     0.07939     0.00105
    16.73056     0.07935     0.00105
    16.73056     0.07908     0.00106
    16.73056     0.07899     0.00105
    13.01248     0.13904    -0.00029
    13.01248     0.13880    -0.00029
    13.01248     0.14025    -0.00033
    13.01248     0.14087    -0.00035
    13.01248     0.14071    -0.00035
    12.36289     0.18593    -0.00087
    12.36289     0.18517    -0.00084
    12.36289     0.19107    -0.00096
    12.36289     0.19430    -0.00102
    12.36289     0.19373    -0.00102
    15.18094     0.14296    -0.00020
    15.18094     0.14106    -0.00020
    15.18094     0.14561    -0.00024
    15.18094     0.14471    -0.00030
    15.18094     0.14424    -0.00029
    39.45003     0.14296    -0.00020
    39.45003     0.14106    -0.00020
    39.45003     0.14561    -0.00024
    39.45003     0.14471    -0.00030
    39.45003     0.14424    -0.00029
    32.93309     0.08017     0.00105
    32.93309     0.07945     0.00106
    32.93309     0.08033     0.00104
    32.93309     0.07965     0.00105
    32.93309     0.07954     0.00105
    26.58901     0.04606     0.00186
    26.58901     0.04559     0.00187
    26.58901     0.04566     0.00187
    26.58901     0.04500     0.00189
    26.58901     0.04493     0.00188
    20.57828     0.04720     0.00179
    20.57828     0.04674     0.00180
    20.57828     0.04673     0.00180
    20.57828     0.04607     0.00183
    20.57828     0.04607     0.00183
    15.29899     0.08550     0.00075
    15.29899     0.08473     0.00077
    15.29899     0.08530     0.00076
    15.29899     0.08433     0.00080
    15.29899     0.08437     0.00080
    11.77949     0.15495    -0.00078
    11.77949     0.15266    -0.00077
    11.77949     0.15750    -0.00084
    11.77949     0.15588    -0.00085
    11.77949     0.15554    -0.00083
    11.72847     0.21312    -0.00078
    11.72847     0.20622    -0.00095
    11.72847     0.22532    -0.00066
    11.72847     0.22612    -0.00101
    11.72847     0.22244    -0.00103
    45.06019     0.18593    -0.00087
    45.06019     0.18517    -0.00084
    45.06019     0.19107    -0.00096
    45.06019     0.19430    -0.00102
    45.06019     0.19373    -0.00102
    38.46927     0.13090     0.00010
    38.46927     0.13051     0.00011
    38.46927     0.13233     0.00005
    38.46927     0.13301     0.00002
    38.46927     0.13262     0.00001
    31.99144     0.07588     0.00124
    31.99144     0.07561     0.00125
    31.99144     0.07583     0.00124
    31.99144     0.07567     0.00124
    31.99144     0.07553     0.00123
    25.71231     0.04527     0.00191
    25.71231     0.04490     0.00192
    25.71231     0.04489     0.00192
    25.71231     0.04438     0.00194
    25.71231     0.04436     0.00193
    19.82164     0.04830     0.00173
    19.82164     0.04773     0.00175
    19.82164     0.04781     0.00175
    19.82164     0.04699     0.00178
    19.82164     0.04702     0.00178
    14.79105     0.08841     0.00062
    14.79105     0.08732     0.00065
    14.79105     0.08830     0.00062
    14.79105     0.08683     0.00068
    14.79105     0.08689     0.00068
    11.77949     0.15495    -0.00078
    11.77949     0.15266    -0.00077
    11.77949     0.15750    -0.00084
    11.77949     0.15588    -0.00085
    11.77949     0.15554    -0.00083
    50.97686     0.13904    -0.00029
    50.97686     0.13880    -0.00029
    50.97686     0.14025    -0.00033
    50.97686     0.14087    -0.00035
    50.97686     0.14071    -0.00035
    44.37662     0.16047    -0.00017
    44.37662     0.16141    -0.00018
    44.37662     0.16296    -0.00022
    44.37662     0.16676    -0.00027
    44.37662     0.16673    -0.00028
    37.86862     0.12000     0.00055
    37.86862     0.12045     0.00054
    37.86862     0.12075     0.00052
    37.86862     0.12224     0.00048
    37.86862     0.12189     0.00047
    31.51006     0.07313     0.00141
    31.51006     0.07306     0.00141
    31.51006     0.07302     0.00141
    31.51006     0.07324     0.00141
    31.51006     0.07321     0.00141
    25.41336     0.04502     0.00193
    25.41336     0.04464     0.00194
    25.41336     0.04462     0.00194
    25.41336     0.04416     0.00196
    25.41336     0.04417     0.00196
    19.82164     0.04830     0.00173
    19.82164     0.04773     0.00175
    19.82164     0.04781     0.00175
    19.82164     0.04699     0.00178
    19.82164     0.04702     0.00178
    15.29900     0.08550     0.00075
    15.29900     0.08473     0.00077
    15.29900     0.08530     0.00076
    15.29900     0.08433     0.00080
    15.29900     0.08437     0.00080
    57.10484     0.07965     0.00104
    57.10484     0.07939     0.00105
    57.10484     0.07935     0.00105
    57.10484     0.07908     0.00106
    57.10484     0.07899     0.00105
    50.52512     0.12488     0.00032
    50.52512     0.12553     0.00030
    50.52512     0.12539     0.00030
    50.52512     0.12700     0.00025
    50.52512     0.12668     0.00024
    44.03086     0.14518     0.00036
    44.03086     0.14670     0.00035
    44.03086     0.14649     0.00034
    44.03086     0.15037     0.00030
    44.03086     0.15019     0.00030
    37.66628     0.11650     0.00075
    37.66628     0.11722     0.00074
    37.66628     0.11710     0.00074
    37.66628     0.11936     0.00072
    37.66628     0.11968     0.00075
    31.51006     0.07313     0.00141
    31.51006     0.07306     0.00141
    31.51006     0.07302     0.00141
    31.51006     0.07324     0.00141
    31.51006     0.07321     0.00141
    25.71231     0.04527     0.00191
    25.71231     0.04490     0.00192
    25.71231     0.04489     0.00192
    25.71231     0.04438     0.00194
    25.71231     0.04436     0.00193
    20.57828     0.04720     0.00179
    20.57828     0.04674     0.00180
    20.57828     0.04673     0.00180
    20.57828     0.04607     0.00183
    20.57828     0.04607     0.00183
