#R dependence of screened Coulomb at omega=calc_ifreq
#1:R [AA], 2:Re[W(R)] [eV], 3:Im[W(R)] [eV]
    20.57828     0.04653     0.00182
    20.57828     0.04607     0.00183
    20.57828     0.04607     0.00183
    20.57828     0.04542     0.00186
    20.57828     0.04542     0.00186
    25.71231     0.04477     0.00193
    25.71231     0.04438     0.00194
    25.71231     0.04438     0.00194
    25.71231     0.04388     0.00196
    25.71231     0.04386     0.00196
    31.51006     0.07335     0.00141
    31.51006     0.07324     0.00141
    31.51006     0.07324     0.00141
    31.51006     0.07344     0.00141
    31.51006     0.07343     0.00142
    37.66628     0.11867     0.00074
    37.66628     0.11936     0.00072
    37.66628     0.11936     0.00072
    37.66628     0.12174     0.00072
    37.66628     0.12233     0.00078
    44.03086     0.14887     0.00032
    44.03086     0.15036     0.00030
    44.03086     0.15037     0.00030
    44.03086     0.15434     0.00026
    44.03086     0.15415     0.00026
    50.52512     0.12645     0.00027
    50.52512     0.12700     0.00025
    50.52512     0.12700     0.00025
    50.52512     0.12847     0.00020
    50.52512     0.12810     0.00019
    57.10484     0.07938     0.00105
    57.10484     0.07908     0.00106
    57.10484     0.07908     0.00106
    57.10484     0.07874     0.00106
    57.10484     0.07864     0.00106
    15.29900     0.08455     0.00079
    15.29900     0.08382     0.00081
    15.29900     0.08433     0.00080
    15.29900     0.08342     0.00084
    15.29900     0.08349     0.00085
    19.82164     0.04747     0.00177
    19.82164     0.04694     0.00179
    19.82164     0.04699     0.00178
    19.82164     0.04621     0.00182
    19.82164     0.04626     0.00182
    25.41336     0.04455     0.00195
    25.41336     0.04419     0.00196
    25.41336     0.04416     0.00196
    25.41336     0.04371     0.00198
    25.41336     0.04375     0.00199
    31.51006     0.07335     0.00141
    31.51006     0.07324     0.00141
    31.51006     0.07324     0.00141
    31.51006     0.07344     0.00141
    31.51006     0.07343     0.00142
    37.86862     0.12149     0.00051
    37.86862     0.12188     0.00050
    37.86862     0.12224     0.00048
    37.86862     0.12368     0.00044
    37.86862     0.12325     0.00042
    44.37662     0.16402    -0.00023
    44.37662     0.16494    -0.00023
    44.37662     0.16676    -0.00027
    44.37662     0.17080    -0.00032
    44.37662     0.17095    -0.00032
    50.97686     0.13969    -0.00031
    50.97686     0.13936    -0.00031
    50.97686     0.14087    -0.00035
    50.97686     0.14137    -0.00036
    50.97686     0.14125    -0.00036
    11.77949     0.15374    -0.00080
    11.77949     0.15171    -0.00078
    11.77949     0.15588    -0.00085
    11.77949     0.15442    -0.00084
    11.77949     0.15418    -0.00083
    14.79105     0.08700     0.00067
    14.79105     0.08601     0.00070
    14.79105     0.08683     0.00068
    14.79105     0.08554     0.00073
    14.79105     0.08561     0.00074
    19.82164     0.04747     0.00177
    19.82164     0.04694     0.00179
    19.82164     0.04699     0.00178
    19.82164     0.04621     0.00182
    19.82164     0.04626     0.00182
    25.71231     0.04477     0.00193
    25.71231     0.04438     0.00194
    25.71231     0.04438     0.00194
    25.71231     0.04388     0.00196
    25.71231     0.04386     0.00196
    31.99144     0.07575     0.00125
    31.99144     0.07544     0.00125
    31.99144     0.07567     0.00124
    31.99144     0.07546     0.00124
    31.99144     0.07532     0.00123
    38.46927     0.13157     0.00007
    38.46927     0.13112     0.00007
    38.46927     0.13301     0.00002
    38.46927     0.13349    -0.00002
    38.46927     0.13300    -0.00004
    45.06019     0.18881    -0.00094
    45.06019     0.18788    -0.00094
    45.06019     0.19430    -0.00102
    45.06019     0.19748    -0.00113
    45.06019     0.19692    -0.00113
    11.72847     0.21430    -0.00105
    11.72847     0.20759    -0.00118
    11.72847     0.22612    -0.00101
    11.72847     0.22718    -0.00132
    11.72847     0.22355    -0.00133
    11.77949     0.15374    -0.00080
    11.77949     0.15171    -0.00078
    11.77949     0.15588    -0.00085
    11.77949     0.15442    -0.00084
    11.77949     0.15418    -0.00083
    15.29899     0.08455     0.00079
    15.29899     0.08382     0.00081
    15.29899     0.08433     0.00080
    15.29899     0.08342     0.00084
    15.29899     0.08349     0.00085
    20.57828     0.04653     0.00182
    20.57828     0.04607     0.00183
    20.57828     0.04607     0.00183
    20.57828     0.04542     0.00186
    20.57828     0.04542     0.00186
    26.58901     0.04540     0.00188
    26.58901     0.04493     0.00189
    26.58901     0.04500     0.00189
    26.58901     0.04432     0.00191
    26.58901     0.04423     0.00190
    32.93309     0.07952     0.00106
    32.93309     0.07883     0.00107
    32.93309     0.07965     0.00105
    32.93309     0.07894     0.00107
    32.93309     0.07884     0.00106
    39.45003     0.14233    -0.00025
    39.45003     0.14058    -0.00025
    39.45003     0.14471    -0.00030
    39.45003     0.14383    -0.00034
    39.45003     0.14339    -0.00034
    15.18094     0.14233    -0.00025
    15.18094     0.14058    -0.00025
    15.18094     0.14471    -0.00030
    15.18094     0.14383    -0.00034
    15.18094     0.14339    -0.00034
    12.36289     0.18881    -0.00094
    12.36289     0.18788    -0.00094
    12.36289     0.19430    -0.00102
    12.36289     0.19748    -0.00113
    12.36289     0.19692    -0.00113
    13.01248     0.13969    -0.00031
    13.01248     0.13936    -0.00031
    13.01248     0.14087    -0.00035
    13.01248     0.14137    -0.00036
    13.01248     0.14125    -0.00036
    16.73056     0.07938     0.00105
    16.73056     0.07908     0.00106
    16.73056     0.07908     0.00106
    16.73056     0.07874     0.00106
    16.73056     0.07864     0.00106
    22.01368     0.04540     0.00188
    22.01368     0.04500     0.00189
    22.01368     0.04493     0.00189
    22.01368     0.04432     0.00191
    22.01368     0.04423     0.00190
    27.98921     0.04616     0.00185
    27.98921     0.04562     0.00186
    27.98921     0.04579     0.00186
    27.98921     0.04507     0.00189
    27.98921     0.04508     0.00189
    34.29713     0.08143     0.00099
    34.29713     0.08052     0.00100
    34.29713     0.08167     0.00098
    34.29713     0.08070     0.00100
    34.29713     0.08065     0.00100
    20.43204     0.07952     0.00106
    20.43204     0.07883     0.00107
    20.43204     0.07965     0.00105
    20.43204     0.07894     0.00107
    20.43204     0.07884     0.00106
    16.15640     0.13157     0.00007
    16.15640     0.13112     0.00007
    16.15640     0.13301     0.00002
    16.15640     0.13349    -0.00002
    16.15640     0.13300    -0.00004
    14.09586     0.16402    -0.00023
    14.09586     0.16494    -0.00023
    14.09586     0.16676    -0.00027
    14.09586     0.17080    -0.00032
    14.09586     0.17095    -0.00032
    15.18094     0.12645     0.00027
    15.18094     0.12700     0.00025
    15.18094     0.12700     0.00025
    15.18094     0.12847     0.00020
    15.18094     0.12810     0.00019
    18.87676     0.07575     0.00125
    18.87676     0.07567     0.00124
    18.87676     0.07544     0.00125
    18.87676     0.07546     0.00124
    18.87676     0.07532     0.00123
    24.00639     0.04505     0.00191
    24.00639     0.04469     0.00191
    24.00639     0.04460     0.00192
    24.00639     0.04409     0.00194
    24.00639     0.04405     0.00193
    29.83931     0.04616     0.00185
    29.83931     0.04562     0.00186
    29.83931     0.04579     0.00186
    29.83931     0.04507     0.00189
    29.83931     0.04508     0.00189
    26.43065     0.04540     0.00188
    26.43065     0.04493     0.00189
    26.43065     0.04500     0.00189
    26.43065     0.04432     0.00191
    26.43065     0.04423     0.00190
    21.52489     0.07575     0.00125
    21.52489     0.07544     0.00125
    21.52489     0.07567     0.00124
    21.52489     0.07546     0.00124
    21.52489     0.07532     0.00123
    17.94897     0.12149     0.00051
    17.94897     0.12188     0.00050
    17.94897     0.12224     0.00048
    17.94897     0.12368     0.00044
    17.94897     0.12325     0.00042
    16.58655     0.14887     0.00032
    16.58655     0.15036     0.00030
    16.58655     0.15037     0.00030
    16.58655     0.15434     0.00026
    16.58655     0.15415     0.00026
    17.94897     0.12149     0.00051
    17.94897     0.12223     0.00048
    17.94897     0.12188     0.00050
    17.94897     0.12368     0.00044
    17.94897     0.12325     0.00042
    21.52489     0.07575     0.00125
    21.52489     0.07567     0.00124
    21.52489     0.07544     0.00125
    21.52489     0.07546     0.00124
    21.52489     0.07532     0.00123
    26.43065     0.04540     0.00188
    26.43065     0.04500     0.00189
    26.43065     0.04493     0.00189
    26.43065     0.04432     0.00191
    26.43065     0.04423     0.00190
    15.29900     0.08455     0.00079
    15.29900     0.08433     0.00080
    15.29900     0.08382     0.00081
    15.29900     0.08342     0.00084
    15.29900     0.08349     0.00085
    19.82164     0.04747     0.00177
    19.82164     0.04699     0.00178
    19.82164     0.04694     0.00179
    19.82164     0.04621     0.00182
    19.82164     0.04626     0.00182
    25.41336     0.04455     0.00195
    25.41336     0.04416     0.00196
    25.41336     0.04419     0.00196
    25.41336     0.04371     0.00198
    25.41336     0.04375     0.00199
    31.51006     0.07335     0.00141
    31.51006     0.07324     0.00141
    31.51006     0.07324     0.00141
    31.51006     0.07344     0.00141
    31.51006     0.07343     0.00142
    37.86862     0.12149     0.00051
    37.86862     0.12223     0.00048
    37.86862     0.12188     0.00050
    37.86862     0.12368     0.00044
    37.86862     0.12325     0.00042
    44.37662     0.16402    -0.00023
    44.37662     0.16676    -0.00027
    44.37662     0.16494    -0.00023
    44.37662     0.17080    -0.00032
    44.37662     0.17095    -0.00032
    50.97686     0.13969    -0.00031
    50.97686     0.14087    -0.00035
    50.97686     0.13936    -0.00031
    50.97686     0.14137    -0.00036
    50.97686     0.14125    -0.00036
    10.40135     0.16101    -0.00136
    10.40135     0.16104    -0.00136
    10.40135     0.16104    -0.00136
    10.40135     0.16078    -0.00134
    10.40135     0.16073    -0.00134
    13.71885     0.09154     0.00039
    13.71885     0.09067     0.00042
    13.71885     0.09066     0.00042
    13.71885     0.08908     0.00049
    13.71885     0.08920     0.00049
    19.03495     0.04839     0.00169
    19.03495     0.04781     0.00171
    19.03495     0.04781     0.00171
    19.03495     0.04684     0.00175
    19.03495     0.04679     0.00174
    25.11085     0.04403     0.00197
    25.11085     0.04365     0.00197
    25.11085     0.04365     0.00197
    25.11085     0.04300     0.00199
    25.11085     0.04283     0.00198
    31.51006     0.07335     0.00141
    31.51006     0.07324     0.00141
    31.51006     0.07324     0.00141
    31.51006     0.07344     0.00141
    31.51006     0.07343     0.00142
    38.06989     0.12645     0.00027
    38.06989     0.12700     0.00025
    38.06989     0.12700     0.00025
    38.06989     0.12847     0.00020
    38.06989     0.12810     0.00019
    44.71971     0.18661    -0.00125
    44.71971     0.18888    -0.00131
    44.71971     0.18889    -0.00131
    44.71971     0.19375    -0.00150
    44.71971     0.19220    -0.00162
     8.74188     0.23481    -0.00291
     8.74188     0.23485    -0.00293
     8.74188     0.24207    -0.00306
     8.74188     0.24698    -0.00326
     8.74188     0.24665    -0.00330
     8.81022     0.18695    -0.00250
     8.81022     0.18363    -0.00242
     8.81022     0.18761    -0.00252
     8.81022     0.18271    -0.00236
     8.81022     0.18292    -0.00235
    13.15001     0.09503     0.00018
    13.15001     0.09373     0.00023
    13.15001     0.09403     0.00021
    13.15001     0.09174     0.00030
    13.15001     0.09186     0.00029
    19.03495     0.04839     0.00169
    19.03495     0.04781     0.00171
    19.03495     0.04781     0.00171
    19.03495     0.04684     0.00175
    19.03495     0.04679     0.00174
    25.41336     0.04455     0.00195
    25.41336     0.04416     0.00196
    25.41336     0.04419     0.00196
    25.41336     0.04371     0.00198
    25.41336     0.04375     0.00199
    31.99144     0.07575     0.00125
    31.99144     0.07544     0.00125
    31.99144     0.07567     0.00124
    31.99144     0.07546     0.00124
    31.99144     0.07532     0.00123
    38.66741     0.13969    -0.00031
    38.66741     0.13936    -0.00031
    38.66741     0.14087    -0.00035
    38.66741     0.14137    -0.00036
    38.66741     0.14125    -0.00036
    11.77949     0.15374    -0.00080
    11.77949     0.15171    -0.00078
    11.77949     0.15588    -0.00085
    11.77949     0.15442    -0.00084
    11.77949     0.15418    -0.00083
     7.81898     0.29735    -0.00393
     7.81898     0.28236    -0.00402
     7.81898     0.32101    -0.00410
     7.81898     0.32115    -0.00455
     7.81898     0.31330    -0.00445
     8.81022     0.18695    -0.00250
     8.81022     0.18363    -0.00242
     8.81022     0.18761    -0.00252
     8.81022     0.18271    -0.00236
     8.81022     0.18292    -0.00235
    13.71885     0.09154     0.00039
    13.71885     0.09067     0.00042
    13.71885     0.09066     0.00042
    13.71885     0.08908     0.00049
    13.71885     0.08920     0.00049
    19.82164     0.04747     0.00177
    19.82164     0.04699     0.00178
    19.82164     0.04694     0.00179
    19.82164     0.04621     0.00182
    19.82164     0.04626     0.00182
    26.30002     0.04505     0.00191
    26.30002     0.04460     0.00192
    26.30002     0.04469     0.00191
    26.30002     0.04409     0.00194
    26.30002     0.04405     0.00193
    32.93309     0.07952     0.00106
    32.93309     0.07883     0.00107
    32.93309     0.07965     0.00105
    32.93309     0.07894     0.00107
    32.93309     0.07884     0.00106
    17.18126     0.08143     0.00099
    17.18126     0.08052     0.00100
    17.18126     0.08167     0.00098
    17.18126     0.08070     0.00100
    17.18126     0.08065     0.00100
    11.77949     0.15374    -0.00080
    11.77949     0.15171    -0.00078
    11.77949     0.15588    -0.00085
    11.77949     0.15442    -0.00084
    11.77949     0.15418    -0.00083
     8.74188     0.23481    -0.00291
     8.74188     0.23485    -0.00293
     8.74188     0.24207    -0.00306
     8.74188     0.24698    -0.00326
     8.74188     0.24665    -0.00330
    10.40135     0.16101    -0.00136
    10.40135     0.16104    -0.00136
    10.40135     0.16104    -0.00136
    10.40135     0.16078    -0.00134
    10.40135     0.16073    -0.00134
    15.29899     0.08455     0.00079
    15.29899     0.08433     0.00080
    15.29899     0.08382     0.00081
    15.29899     0.08342     0.00084
    15.29899     0.08349     0.00085
    21.30807     0.04616     0.00185
    21.30807     0.04579     0.00186
    21.30807     0.04562     0.00186
    21.30807     0.04507     0.00189
    21.30807     0.04508     0.00189
    27.71483     0.04556     0.00188
    27.71483     0.04504     0.00189
    27.71483     0.04526     0.00189
    27.71483     0.04457     0.00191
    27.71483     0.04458     0.00191
    23.36104     0.04556     0.00188
    23.36104     0.04504     0.00189
    23.36104     0.04526     0.00189
    23.36104     0.04457     0.00191
    23.36104     0.04458     0.00191
    17.62043     0.07952     0.00106
    17.62043     0.07883     0.00107
    17.62043     0.07965     0.00105
    17.62043     0.07894     0.00107
    17.62043     0.07884     0.00106
    13.01248     0.13969    -0.00031
    13.01248     0.13936    -0.00031
    13.01248     0.14087    -0.00035
    13.01248     0.14137    -0.00036
    13.01248     0.14125    -0.00036
    11.05770     0.18661    -0.00125
    11.05770     0.18888    -0.00131
    11.05770     0.18889    -0.00131
    11.05770     0.19375    -0.00150
    11.05770     0.19220    -0.00162
    13.01248     0.13969    -0.00031
    13.01248     0.14087    -0.00035
    13.01248     0.13936    -0.00031
    13.01248     0.14137    -0.00036
    13.01248     0.14125    -0.00036
    17.62043     0.07952     0.00106
    17.62043     0.07964     0.00105
    17.62043     0.07883     0.00107
    17.62043     0.07894     0.00107
    17.62043     0.07884     0.00106
    23.36104     0.04556     0.00188
    23.36104     0.04526     0.00189
    23.36104     0.04505     0.00189
    23.36104     0.04457     0.00191
    23.36104     0.04458     0.00191
    29.83931     0.04616     0.00185
    29.83931     0.04579     0.00186
    29.83931     0.04562     0.00186
    29.83931     0.04507     0.00189
    29.83931     0.04508     0.00189
    24.00639     0.04505     0.00191
    24.00639     0.04460     0.00192
    24.00639     0.04469     0.00191
    24.00639     0.04409     0.00194
    24.00639     0.04405     0.00193
    18.87676     0.07575     0.00125
    18.87676     0.07544     0.00125
    18.87676     0.07567     0.00124
    18.87676     0.07546     0.00124
    18.87676     0.07532     0.00123
    15.18094     0.12645     0.00027
    15.18094     0.12700     0.00025
    15.18094     0.12700     0.00025
    15.18094     0.12847     0.00020
    15.18094     0.12810     0.00019
    14.09586     0.16402    -0.00023
    14.09586     0.16676    -0.00027
    14.09586     0.16494    -0.00023
    14.09586     0.17080    -0.00032
    14.09586     0.17095    -0.00032
    16.15640     0.13157     0.00007
    16.15640     0.13301     0.00002
    16.15640     0.13112     0.00007
    16.15640     0.13349    -0.00002
    16.15640     0.13300    -0.00004
    20.43204     0.07952     0.00106
    20.43204     0.07964     0.00105
    20.43204     0.07883     0.00107
    20.43204     0.07894     0.00107
    20.43204     0.07884     0.00106
    11.77949     0.15374    -0.00080
    11.77949     0.15588    -0.00085
    11.77949     0.15171    -0.00078
    11.77949     0.15442    -0.00084
    11.77949     0.15418    -0.00083
    14.79105     0.08700     0.00067
    14.79105     0.08683     0.00068
    14.79105     0.08601     0.00070
    14.79105     0.08554     0.00073
    14.79105     0.08561     0.00074
    19.82164     0.04747     0.00177
    19.82164     0.04699     0.00178
    19.82164     0.04694     0.00179
    19.82164     0.04621     0.00182
    19.82164     0.04626     0.00182
    25.71231     0.04477     0.00193
    25.71231     0.04438     0.00194
    25.71231     0.04438     0.00194
    25.71231     0.04388     0.00196
    25.71231     0.04386     0.00196
    31.99144     0.07575     0.00125
    31.99144     0.07567     0.00124
    31.99144     0.07544     0.00125
    31.99144     0.07546     0.00124
    31.99144     0.07532     0.00123
    38.46927     0.13157     0.00007
    38.46927     0.13301     0.00002
    38.46927     0.13112     0.00007
    38.46927     0.13349    -0.00002
    38.46927     0.13300    -0.00004
    45.06019     0.18881    -0.00094
    45.06019     0.19431    -0.00102
    45.06019     0.18787    -0.00094
    45.06019     0.19748    -0.00113
    45.06019     0.19692    -0.00113
     8.74188     0.23481    -0.00291
     8.74188     0.24207    -0.00306
     8.74188     0.23485    -0.00293
     8.74188     0.24698    -0.00326
     8.74188     0.24665    -0.00330
     8.81022     0.18695    -0.00250
     8.81022     0.18761    -0.00252
     8.81022     0.18363    -0.00242
     8.81022     0.18271    -0.00236
     8.81022     0.18292    -0.00235
    13.15001     0.09503     0.00018
    13.15001     0.09403     0.00021
    13.15001     0.09373     0.00023
    13.15001     0.09174     0.00030
    13.15001     0.09186     0.00029
    19.03495     0.04839     0.00169
    19.03495     0.04781     0.00171
    19.03495     0.04781     0.00171
    19.03495     0.04684     0.00175
    19.03495     0.04679     0.00174
    25.41336     0.04455     0.00195
    25.41336     0.04419     0.00196
    25.41336     0.04416     0.00196
    25.41336     0.04371     0.00198
    25.41336     0.04375     0.00199
    31.99144     0.07575     0.00125
    31.99144     0.07567     0.00124
    31.99144     0.07544     0.00125
    31.99144     0.07546     0.00124
    31.99144     0.07532     0.00123
    38.66741     0.13969    -0.00031
    38.66741     0.14087    -0.00035
    38.66741     0.13936    -0.00031
    38.66741     0.14137    -0.00036
    38.66741     0.14125    -0.00036
    10.40135     0.16101    -0.00136
    10.40135     0.16104    -0.00136
    10.40135     0.16104    -0.00136
    10.40135     0.16078    -0.00134
    10.40135     0.16073    -0.00134
     5.52885     0.34084    -0.00739
     5.52885     0.34693    -0.00757
     5.52885     0.34693    -0.00757
     5.52885     0.36203    -0.00812
     5.52885     0.36578    -0.00816
     6.85943     0.23702    -0.00490
     6.85943     0.23006    -0.00466
     6.85943     0.23006    -0.00466
     6.85943     0.21795    -0.00420
     6.85943     0.21919    -0.00425
    12.55543     0.09940    -0.00008
    12.55543     0.09791    -0.00002
    12.55543     0.09790    -0.00002
    12.55543     0.09513     0.00009
    12.55543     0.09538     0.00007
    19.03495     0.04839     0.00169
    19.03495     0.04781     0.00171
    19.03495     0.04781     0.00171
    19.03495     0.04684     0.00175
    19.03495     0.04679     0.00174
    25.71231     0.04477     0.00193
    25.71231     0.04438     0.00194
    25.71231     0.04438     0.00194
    25.71231     0.04388     0.00196
    25.71231     0.04386     0.00196
    32.46568     0.07938     0.00105
    32.46568     0.07908     0.00106
    32.46568     0.07908     0.00106
    32.46568     0.07874     0.00106
    32.46568     0.07864     0.00106
    15.29899     0.08455     0.00079
    15.29899     0.08382     0.00081
    15.29899     0.08433     0.00080
    15.29899     0.08342     0.00084
    15.29899     0.08349     0.00085
     8.81022     0.18695    -0.00250
     8.81022     0.18363    -0.00242
     8.81022     0.18761    -0.00252
     8.81022     0.18271    -0.00236
     8.81022     0.18292    -0.00235
     3.90949     0.52848    -0.01367
     3.90949     0.48736    -0.01294
     3.90949     0.58403    -0.01501
     3.90949     0.60401    -0.01529
     3.90949     0.59199    -0.01442
     6.85943     0.23702    -0.00490
     6.85943     0.23006    -0.00466
     6.85943     0.23006    -0.00466
     6.85943     0.21795    -0.00420
     6.85943     0.21919    -0.00425
    13.15001     0.09503     0.00018
    13.15001     0.09403     0.00021
    13.15001     0.09373     0.00023
    13.15001     0.09174     0.00030
    13.15001     0.09186     0.00029
    19.82164     0.04747     0.00177
    19.82164     0.04699     0.00178
    19.82164     0.04694     0.00179
    19.82164     0.04621     0.00182
    19.82164     0.04626     0.00182
    26.58901     0.04540     0.00188
    26.58901     0.04493     0.00189
    26.58901     0.04500     0.00189
    26.58901     0.04432     0.00191
    26.58901     0.04423     0.00190
    21.30807     0.04616     0.00185
    21.30807     0.04562     0.00186
    21.30807     0.04579     0.00186
    21.30807     0.04507     0.00189
    21.30807     0.04508     0.00189
    14.79105     0.08700     0.00067
    14.79105     0.08601     0.00070
    14.79105     0.08683     0.00068
    14.79105     0.08554     0.00073
    14.79105     0.08561     0.00074
     8.81022     0.18695    -0.00250
     8.81022     0.18363    -0.00242
     8.81022     0.18761    -0.00252
     8.81022     0.18271    -0.00236
     8.81022     0.18292    -0.00235
     5.52885     0.34084    -0.00739
     5.52885     0.34693    -0.00757
     5.52885     0.34693    -0.00757
     5.52885     0.36203    -0.00812
     5.52885     0.36578    -0.00816
     8.81022     0.18695    -0.00250
     8.81022     0.18761    -0.00252
     8.81022     0.18363    -0.00242
     8.81022     0.18271    -0.00236
     8.81022     0.18292    -0.00235
    14.79105     0.08700     0.00067
    14.79105     0.08683     0.00068
    14.79105     0.08601     0.00070
    14.79105     0.08554     0.00073
    14.79105     0.08561     0.00074
    21.30807     0.04616     0.00185
    21.30807     0.04579     0.00186
    21.30807     0.04562     0.00186
    21.30807     0.04507     0.00189
    21.30807     0.04508     0.00189
    27.71483     0.04556     0.00188
    27.71483     0.04526     0.00189
    27.71483     0.04505     0.00189
    27.71483     0.04457     0.00191
    27.71483     0.04458     0.00191
    21.30807     0.04616     0.00185
    21.30807     0.04562     0.00186
    21.30807     0.04579     0.00186
    21.30807     0.04507     0.00189
    21.30807     0.04508     0.00189
    15.29899     0.08455     0.00079
    15.29899     0.08382     0.00081
    15.29899     0.08433     0.00080
    15.29899     0.08342     0.00084
    15.29899     0.08349     0.00085
    10.40135     0.16101    -0.00136
    10.40135     0.16104    -0.00136
    10.40135     0.16104    -0.00136
    10.40135     0.16078    -0.00134
    10.40135     0.16073    -0.00134
     8.74188     0.23481    -0.00291
     8.74188     0.24207    -0.00306
     8.74188     0.23485    -0.00293
     8.74188     0.24698    -0.00326
     8.74188     0.24665    -0.00330
    11.77949     0.15374    -0.00080
    11.77949     0.15588    -0.00085
    11.77949     0.15171    -0.00078
    11.77949     0.15442    -0.00084
    11.77949     0.15418    -0.00083
    17.18126     0.08143     0.00099
    17.18126     0.08167     0.00098
    17.18126     0.08052     0.00100
    17.18126     0.08070     0.00100
    17.18126     0.08065     0.00100
    34.29713     0.08143     0.00099
    34.29713     0.08167     0.00098
    34.29713     0.08052     0.00100
    34.29713     0.08070     0.00100
    34.29713     0.08065     0.00100
    27.98921     0.04616     0.00185
    27.98921     0.04579     0.00186
    27.98921     0.04562     0.00186
    27.98921     0.04507     0.00189
    27.98921     0.04508     0.00189
    22.01368     0.04540     0.00188
    22.01368     0.04493     0.00189
    22.01368     0.04500     0.00189
    22.01368     0.04432     0.00191
    22.01368     0.04423     0.00190
    16.73056     0.07938     0.00105
    16.73056     0.07908     0.00106
    16.73056     0.07908     0.00106
    16.73056     0.07874     0.00106
    16.73056     0.07864     0.00106
    13.01248     0.13969    -0.00031
    13.01248     0.14087    -0.00035
    13.01248     0.13936    -0.00031
    13.01248     0.14137    -0.00036
    13.01248     0.14125    -0.00036
    12.36289     0.18881    -0.00094
    12.36289     0.19431    -0.00102
    12.36289     0.18787    -0.00094
    12.36289     0.19748    -0.00113
    12.36289     0.19692    -0.00113
    15.18094     0.14233    -0.00025
    15.18094     0.14471    -0.00030
    15.18094     0.14057    -0.00025
    15.18094     0.14383    -0.00034
    15.18094     0.14339    -0.00034
    11.72847     0.21430    -0.00105
    11.72847     0.22613    -0.00101
    11.72847     0.20758    -0.00118
    11.72847     0.22718    -0.00132
    11.72847     0.22355    -0.00133
    11.77949     0.15374    -0.00080
    11.77949     0.15588    -0.00085
    11.77949     0.15171    -0.00078
    11.77949     0.15442    -0.00084
    11.77949     0.15418    -0.00083
    15.29899     0.08455     0.00079
    15.29899     0.08433     0.00080
    15.29899     0.08382     0.00081
    15.29899     0.08342     0.00084
    15.29899     0.08349     0.00085
    20.57828     0.04653     0.00182
    20.57828     0.04607     0.00183
    20.57828     0.04607     0.00183
    20.57828     0.04542     0.00186
    20.57828     0.04542     0.00186
    26.58901     0.04540     0.00188
    26.58901     0.04500     0.00189
    26.58901     0.04493     0.00189
    26.58901     0.04432     0.00191
    26.58901     0.04423     0.00190
    32.93309     0.07952     0.00106
    32.93309     0.07964     0.00105
    32.93309     0.07883     0.00107
    32.93309     0.07894     0.00107
    32.93309     0.07884     0.00106
    39.45003     0.14233    -0.00025
    39.45003     0.14471    -0.00030
    39.45003     0.14057    -0.00025
    39.45003     0.14383    -0.00034
    39.45003     0.14339    -0.00034
    11.77949     0.15374    -0.00080
    11.77949     0.15588    -0.00085
    11.77949     0.15171    -0.00078
    11.77949     0.15442    -0.00084
    11.77949     0.15418    -0.00083
     7.81898     0.29735    -0.00393
     7.81898     0.32101    -0.00410
     7.81898     0.28235    -0.00402
     7.81898     0.32115    -0.00455
     7.81898     0.31330    -0.00445
     8.81022     0.18695    -0.00250
     8.81022     0.18761    -0.00252
     8.81022     0.18363    -0.00242
     8.81022     0.18271    -0.00236
     8.81022     0.18292    -0.00235
    13.71885     0.09154     0.00039
    13.71885     0.09067     0.00042
    13.71885     0.09066     0.00042
    13.71885     0.08908     0.00049
    13.71885     0.08920     0.00049
    19.82164     0.04747     0.00177
    19.82164     0.04694     0.00179
    19.82164     0.04699     0.00178
    19.82164     0.04621     0.00182
    19.82164     0.04626     0.00182
    26.30002     0.04505     0.00191
    26.30002     0.04469     0.00191
    26.30002     0.04460     0.00192
    26.30002     0.04409     0.00194
    26.30002     0.04405     0.00193
    32.93309     0.07952     0.00106
    32.93309     0.07964     0.00105
    32.93309     0.07883     0.00107
    32.93309     0.07894     0.00107
    32.93309     0.07884     0.00106
    15.29899     0.08455     0.00079
    15.29899     0.08433     0.00080
    15.29899     0.08382     0.00081
    15.29899     0.08342     0.00084
    15.29899     0.08349     0.00085
     8.81022     0.18695    -0.00250
     8.81022     0.18761    -0.00252
     8.81022     0.18363    -0.00242
     8.81022     0.18271    -0.00236
     8.81022     0.18292    -0.00235
     3.90949     0.52848    -0.01367
     3.90949     0.58402    -0.01501
     3.90949     0.48736    -0.01294
     3.90949     0.60401    -0.01529
     3.90949     0.59199    -0.01442
     6.85943     0.23702    -0.00490
     6.85943     0.23006    -0.00466
     6.85943     0.23006    -0.00466
     6.85943     0.21795    -0.00420
     6.85943     0.21919    -0.00425
    13.15001     0.09503     0.00018
    13.15001     0.09373     0.00023
    13.15001     0.09403     0.00021
    13.15001     0.09174     0.00030
    13.15001     0.09186     0.00029
    19.82164     0.04747     0.00177
    19.82164     0.04694     0.00179
    19.82164     0.04699     0.00178
    19.82164     0.04621     0.00182
    19.82164     0.04626     0.00182
    26.58901     0.04540     0.00188
    26.58901     0.04500     0.00189
    26.58901     0.04493     0.00189
    26.58901     0.04432     0.00191
    26.58901     0.04423     0.00190
    20.57828     0.04653     0.00182
    20.57828     0.04607     0.00183
    20.57828     0.04607     0.00183
    20.57828     0.04542     0.00186
    20.57828     0.04542     0.00186
    13.71885     0.09154     0.00039
    13.71885     0.09067     0.00042
    13.71885     0.09066     0.00042
    13.71885     0.08908     0.00049
    13.71885     0.08920     0.00049
     6.85943     0.23702    -0.00490
     6.85943     0.23006    -0.00466
     6.85943     0.23006    -0.00466
     6.85943     0.21795    -0.00420
     6.85943     0.21919    -0.00425
     0.00000     1.27479    -0.04291
     0.00000     1.30576    -0.04477
     0.00000     1.30577    -0.04477
     0.00000     2.31797    -0.05178
     0.00000     1.66288    -0.05168
     6.85943     0.23702    -0.00490
     6.85943     0.23006    -0.00466
     6.85943     0.23006    -0.00466
     6.85943     0.21795    -0.00420
     6.85943     0.21919    -0.00425
    13.71885     0.09154     0.00039
    13.71885     0.09067     0.00042
    13.71885     0.09066     0.00042
    13.71885     0.08908     0.00049
    13.71885     0.08920     0.00049
    20.57828     0.04653     0.00182
    20.57828     0.04607     0.00183
    20.57828     0.04607     0.00183
    20.57828     0.04542     0.00186
    20.57828     0.04542     0.00186
    26.58901     0.04540     0.00188
    26.58901     0.04500     0.00189
    26.58901     0.04493     0.00189
    26.58901     0.04432     0.00191
    26.58901     0.04423     0.00190
    19.82164     0.04747     0.00177
    19.82164     0.04694     0.00179
    19.82164     0.04699     0.00178
    19.82164     0.04621     0.00182
    19.82164     0.04626     0.00182
    13.15001     0.09503     0.00018
    13.15001     0.09373     0.00023
    13.15001     0.09403     0.00021
    13.15001     0.09174     0.00030
    13.15001     0.09186     0.00029
     6.85943     0.23702    -0.00490
     6.85943     0.23006    -0.00466
     6.85943     0.23006    -0.00466
     6.85943     0.21795    -0.00420
     6.85943     0.21919    -0.00425
     3.90949     0.52848    -0.01367
     3.90949     0.58402    -0.01501
     3.90949     0.48736    -0.01294
     3.90949     0.60401    -0.01529
     3.90949     0.59199    -0.01442
     8.81022     0.18695    -0.00250
     8.81022     0.18761    -0.00252
     8.81022     0.18363    -0.00242
     8.81022     0.18271    -0.00236
     8.81022     0.18292    -0.00235
    15.29899     0.08455     0.00079
    15.29899     0.08433     0.00080
    15.29899     0.08382     0.00081
    15.29899     0.08342     0.00084
    15.29899     0.08349     0.00085
    32.93309     0.07952     0.00106
    32.93309     0.07964     0.00105
    32.93309     0.07883     0.00107
    32.93309     0.07894     0.00107
    32.93309     0.07884     0.00106
    26.30002     0.04505     0.00191
    26.30002     0.04469     0.00191
    26.30002     0.04460     0.00192
    26.30002     0.04409     0.00194
    26.30002     0.04405     0.00193
    19.82164     0.04747     0.00177
    19.82164     0.04694     0.00179
    19.82164     0.04699     0.00178
    19.82164     0.04621     0.00182
    19.82164     0.04626     0.00182
    13.71885     0.09154     0.00039
    13.71885     0.09067     0.00042
    13.71885     0.09066     0.00042
    13.71885     0.08908     0.00049
    13.71885     0.08920     0.00049
     8.81022     0.18695    -0.00250
     8.81022     0.18761    -0.00252
     8.81022     0.18363    -0.00242
     8.81022     0.18271    -0.00236
     8.81022     0.18292    -0.00235
     7.81898     0.29735    -0.00393
     7.81898     0.32101    -0.00410
     7.81898     0.28235    -0.00402
     7.81898     0.32115    -0.00455
     7.81898     0.31330    -0.00445
    11.77949     0.15374    -0.00080
    11.77949     0.15588    -0.00085
    11.77949     0.15171    -0.00078
    11.77949     0.15442    -0.00084
    11.77949     0.15418    -0.00083
    39.45003     0.14233    -0.00025
    39.45003     0.14471    -0.00030
    39.45003     0.14057    -0.00025
    39.45003     0.14383    -0.00034
    39.45003     0.14339    -0.00034
    32.93309     0.07952     0.00106
    32.93309     0.07964     0.00105
    32.93309     0.07883     0.00107
    32.93309     0.07894     0.00107
    32.93309     0.07884     0.00106
    26.58901     0.04540     0.00188
    26.58901     0.04500     0.00189
    26.58901     0.04493     0.00189
    26.58901     0.04432     0.00191
    26.58901     0.04423     0.00190
    20.57828     0.04653     0.00182
    20.57828     0.04607     0.00183
    20.57828     0.04607     0.00183
    20.57828     0.04542     0.00186
    20.57828     0.04542     0.00186
    15.29899     0.08455     0.00079
    15.29899     0.08433     0.00080
    15.29899     0.08382     0.00081
    15.29899     0.08342     0.00084
    15.29899     0.08349     0.00085
    11.77949     0.15374    -0.00080
    11.77949     0.15588    -0.00085
    11.77949     0.15171    -0.00078
    11.77949     0.15442    -0.00084
    11.77949     0.15418    -0.00083
    11.72847     0.21430    -0.00105
    11.72847     0.22613    -0.00101
    11.72847     0.20758    -0.00118
    11.72847     0.22718    -0.00132
    11.72847     0.22355    -0.00133
    15.18094     0.14233    -0.00025
    15.18094     0.14471    -0.00030
    15.18094     0.14057    -0.00025
    15.18094     0.14383    -0.00034
    15.18094     0.14339    -0.00034
    12.36289     0.18881    -0.00094
    12.36289     0.19431    -0.00102
    12.36289     0.18787    -0.00094
    12.36289     0.19748    -0.00113
    12.36289     0.19692    -0.00113
    13.01248     0.13969    -0.00031
    13.01248     0.14087    -0.00035
    13.01248     0.13936    -0.00031
    13.01248     0.14137    -0.00036
    13.01248     0.14125    -0.00036
    16.73056     0.07938     0.00105
    16.73056     0.07908     0.00106
    16.73056     0.07908     0.00106
    16.73056     0.07874     0.00106
    16.73056     0.07864     0.00106
    22.01368     0.04540     0.00188
    22.01368     0.04493     0.00189
    22.01368     0.04500     0.00189
    22.01368     0.04432     0.00191
    22.01368     0.04423     0.00190
    27.98921     0.04616     0.00185
    27.98921     0.04579     0.00186
    27.98921     0.04562     0.00186
    27.98921     0.04507     0.00189
    27.98921     0.04508     0.00189
    34.29713     0.08143     0.00099
    34.29713     0.08167     0.00098
    34.29713     0.08052     0.00100
    34.29713     0.08070     0.00100
    34.29713     0.08065     0.00100
    17.18126     0.08143     0.00099
    17.18126     0.08167     0.00098
    17.18126     0.08052     0.00100
    17.18126     0.08070     0.00100
    17.18126     0.08065     0.00100
    11.77949     0.15374    -0.00080
    11.77949     0.15588    -0.00085
    11.77949     0.15171    -0.00078
    11.77949     0.15442    -0.00084
    11.77949     0.15418    -0.00083
     8.74188     0.23481    -0.00291
     8.74188     0.24207    -0.00306
     8.74188     0.23485    -0.00293
     8.74188     0.24698    -0.00326
     8.74188     0.24665    -0.00330
    10.40135     0.16101    -0.00136
    10.40135     0.16104    -0.00136
    10.40135     0.16104    -0.00136
    10.40135     0.16078    -0.00134
    10.40135     0.16073    -0.00134
    15.29899     0.08455     0.00079
    15.29899     0.08382     0.00081
    15.29899     0.08433     0.00080
    15.29899     0.08342     0.00084
    15.29899     0.08349     0.00085
    21.30807     0.04616     0.00185
    21.30807     0.04562     0.00186
    21.30807     0.04579     0.00186
    21.30807     0.04507     0.00189
    21.30807     0.04508     0.00189
    27.71483     0.04556     0.00188
    27.71483     0.04526     0.00189
    27.71483     0.04505     0.00189
    27.71483     0.04457     0.00191
    27.71483     0.04458     0.00191
    21.30807     0.04616     0.00185
    21.30807     0.04579     0.00186
    21.30807     0.04562     0.00186
    21.30807     0.04507     0.00189
    21.30807     0.04508     0.00189
    14.79105     0.08700     0.00067
    14.79105     0.08683     0.00068
    14.79105     0.08601     0.00070
    14.79105     0.08554     0.00073
    14.79105     0.08561     0.00074
     8.81022     0.18695    -0.00250
     8.81022     0.18761    -0.00252
     8.81022     0.18363    -0.00242
     8.81022     0.18271    -0.00236
     8.81022     0.18292    -0.00235
     5.52885     0.34084    -0.00739
     5.52885     0.34693    -0.00757
     5.52885     0.34693    -0.00757
     5.52885     0.36203    -0.00812
     5.52885     0.36578    -0.00816
     8.81022     0.18695    -0.00250
     8.81022     0.18363    -0.00242
     8.81022     0.18761    -0.00252
     8.81022     0.18271    -0.00236
     8.81022     0.18292    -0.00235
    14.79105     0.08700     0.00067
    14.79105     0.08601     0.00070
    14.79105     0.08683     0.00068
    14.79105     0.08554     0.00073
    14.79105     0.08561     0.00074
    21.30807     0.04616     0.00185
    21.30807     0.04562     0.00186
    21.30807     0.04579     0.00186
    21.30807     0.04507     0.00189
    21.30807     0.04508     0.00189
    26.58901     0.04540     0.00188
    26.58901     0.04493     0.00189
    26.58901     0.04500     0.00189
    26.58901     0.04432     0.00191
    26.58901     0.04423     0.00190
    19.82164     0.04747     0.00177
    19.82164     0.04699     0.00178
    19.82164     0.04694     0.00179
    19.82164     0.04621     0.00182
    19.82164     0.04626     0.00182
    13.15001     0.09503     0.00018
    13.15001     0.09403     0.00021
    13.15001     0.09373     0.00023
    13.15001     0.09174     0.00030
    13.15001     0.09186     0.00029
     6.85943     0.23702    -0.00490
     6.85943     0.23006    -0.00466
     6.85943     0.23006    -0.00466
     6.85943     0.21795    -0.00420
     6.85943     0.21919    -0.00425
     3.90949     0.52848    -0.01367
     3.90949     0.48736    -0.01294
     3.90949     0.58403    -0.01501
     3.90949     0.60401    -0.01529
     3.90949     0.59199    -0.01442
     8.81022     0.18695    -0.00250
     8.81022     0.18363    -0.00242
     8.81022     0.18761    -0.00252
     8.81022     0.18271    -0.00236
     8.81022     0.18292    -0.00235
    15.29899     0.08455     0.00079
    15.29899     0.08382     0.00081
    15.29899     0.08433     0.00080
    15.29899     0.08342     0.00084
    15.29899     0.08349     0.00085
    32.46568     0.07938     0.00105
    32.46568     0.07908     0.00106
    32.46568     0.07908     0.00106
    32.46568     0.07874     0.00106
    32.46568     0.07864     0.00106
    25.71231     0.04477     0.00193
    25.71231     0.04438     0.00194
    25.71231     0.04438     0.00194
    25.71231     0.04388     0.00196
    25.71231     0.04386     0.00196
    19.03495     0.04839     0.00169
    19.03495     0.04781     0.00171
    19.03495     0.04781     0.00171
    19.03495     0.04684     0.00175
    19.03495     0.04679     0.00174
    12.55543     0.09940    -0.00008
    12.55543     0.09791    -0.00002
    12.55543     0.09790    -0.00002
    12.55543     0.09513     0.00009
    12.55543     0.09538     0.00007
     6.85943     0.23702    -0.00490
     6.85943     0.23006    -0.00466
     6.85943     0.23006    -0.00466
     6.85943     0.21795    -0.00420
     6.85943     0.21919    -0.00425
     5.52885     0.34084    -0.00739
     5.52885     0.34693    -0.00757
     5.52885     0.34693    -0.00757
     5.52885     0.36203    -0.00812
     5.52885     0.36578    -0.00816
    10.40135     0.16101    -0.00136
    10.40135     0.16104    -0.00136
    10.40135     0.16104    -0.00136
    10.40135     0.16078    -0.00134
    10.40135     0.16073    -0.00134
    38.66741     0.13969    -0.00031
    38.66741     0.14087    -0.00035
    38.66741     0.13936    -0.00031
    38.66741     0.14137    -0.00036
    38.66741     0.14125    -0.00036
    31.99144     0.07575     0.00125
    31.99144     0.07567     0.00124
    31.99144     0.07544     0.00125
    31.99144     0.07546     0.00124
    31.99144     0.07532     0.00123
    25.41336     0.04455     0.00195
    25.41336     0.04419     0.00196
    25.41336     0.04416     0.00196
    25.41336     0.04371     0.00198
    25.41336     0.04375     0.00199
    19.03495     0.04839     0.00169
    19.03495     0.04781     0.00171
    19.03495     0.04781     0.00171
    19.03495     0.04684     0.00175
    19.03495     0.04679     0.00174
    13.15001     0.09503     0.00018
    13.15001     0.09403     0.00021
    13.15001     0.09373     0.00023
    13.15001     0.09174     0.00030
    13.15001     0.09186     0.00029
     8.81022     0.18695    -0.00250
     8.81022     0.18761    -0.00252
     8.81022     0.18363    -0.00242
     8.81022     0.18271    -0.00236
     8.81022     0.18292    -0.00235
     8.74188     0.23481    -0.00291
     8.74188     0.24207    -0.00306
     8.74188     0.23485    -0.00293
     8.74188     0.24698    -0.00326
     8.74188     0.24665    -0.00330
    45.06019     0.18881    -0.00094
    45.06019     0.19431    -0.00102
    45.06019     0.18787    -0.00094
    45.06019     0.19748    -0.00113
    45.06019     0.19692    -0.00113
    38.46927     0.13157     0.00007
    38.46927     0.13301     0.00002
    38.46927     0.13112     0.00007
    38.46927     0.13349    -0.00002
    38.46927     0.13300    -0.00004
    31.99144     0.07575     0.00125
    31.99144     0.07567     0.00124
    31.99144     0.07544     0.00125
    31.99144     0.07546     0.00124
    31.99144     0.07532     0.00123
    25.71231     0.04477     0.00193
    25.71231     0.04438     0.00194
    25.71231     0.04438     0.00194
    25.71231     0.04388     0.00196
    25.71231     0.04386     0.00196
    19.82164     0.04747     0.00177
    19.82164     0.04699     0.00178
    19.82164     0.04694     0.00179
    19.82164     0.04621     0.00182
    19.82164     0.04626     0.00182
    14.79105     0.08700     0.00067
    14.79105     0.08683     0.00068
    14.79105     0.08601     0.00070
    14.79105     0.08554     0.00073
    14.79105     0.08561     0.00074
    11.77949     0.15374    -0.00080
    11.77949     0.15588    -0.00085
    11.77949     0.15171    -0.00078
    11.77949     0.15442    -0.00084
    11.77949     0.15418    -0.00083
    20.43204     0.07952     0.00106
    20.43204     0.07964     0.00105
    20.43204     0.07883     0.00107
    20.43204     0.07894     0.00107
    20.43204     0.07884     0.00106
    16.15640     0.13157     0.00007
    16.15640     0.13301     0.00002
    16.15640     0.13112     0.00007
    16.15640     0.13349    -0.00002
    16.15640     0.13300    -0.00004
    14.09586     0.16402    -0.00023
    14.09586     0.16676    -0.00027
    14.09586     0.16494    -0.00023
    14.09586     0.17080    -0.00032
    14.09586     0.17095    -0.00032
    15.18094     0.12645     0.00027
    15.18094     0.12700     0.00025
    15.18094     0.12700     0.00025
    15.18094     0.12847     0.00020
    15.18094     0.12810     0.00019
    18.87676     0.07575     0.00125
    18.87676     0.07544     0.00125
    18.87676     0.07567     0.00124
    18.87676     0.07546     0.00124
    18.87676     0.07532     0.00123
    24.00639     0.04505     0.00191
    24.00639     0.04460     0.00192
    24.00639     0.04469     0.00191
    24.00639     0.04409     0.00194
    24.00639     0.04405     0.00193
    29.83931     0.04616     0.00185
    29.83931     0.04579     0.00186
    29.83931     0.04562     0.00186
    29.83931     0.04507     0.00189
    29.83931     0.04508     0.00189
    23.36104     0.04556     0.00188
    23.36104     0.04526     0.00189
    23.36104     0.04505     0.00189
    23.36104     0.04457     0.00191
    23.36104     0.04458     0.00191
    17.62043     0.07952     0.00106
    17.62043     0.07964     0.00105
    17.62043     0.07883     0.00107
    17.62043     0.07894     0.00107
    17.62043     0.07884     0.00106
    13.01248     0.13969    -0.00031
    13.01248     0.14087    -0.00035
    13.01248     0.13936    -0.00031
    13.01248     0.14137    -0.00036
    13.01248     0.14125    -0.00036
    11.05770     0.18661    -0.00125
    11.05770     0.18888    -0.00131
    11.05770     0.18889    -0.00131
    11.05770     0.19375    -0.00150
    11.05770     0.19220    -0.00162
    13.01248     0.13969    -0.00031
    13.01248     0.13936    -0.00031
    13.01248     0.14087    -0.00035
    13.01248     0.14137    -0.00036
    13.01248     0.14125    -0.00036
    17.62043     0.07952     0.00106
    17.62043     0.07883     0.00107
    17.62043     0.07965     0.00105
    17.62043     0.07894     0.00107
    17.62043     0.07884     0.00106
    23.36104     0.04556     0.00188
    23.36104     0.04504     0.00189
    23.36104     0.04526     0.00189
    23.36104     0.04457     0.00191
    23.36104     0.04458     0.00191
    27.71483     0.04556     0.00188
    27.71483     0.04504     0.00189
    27.71483     0.04526     0.00189
    27.71483     0.04457     0.00191
    27.71483     0.04458     0.00191
    21.30807     0.04616     0.00185
    21.30807     0.04579     0.00186
    21.30807     0.04562     0.00186
    21.30807     0.04507     0.00189
    21.30807     0.04508     0.00189
    15.29899     0.08455     0.00079
    15.29899     0.08433     0.00080
    15.29899     0.08382     0.00081
    15.29899     0.08342     0.00084
    15.29899     0.08349     0.00085
    10.40135     0.16101    -0.00136
    10.40135     0.16104    -0.00136
    10.40135     0.16104    -0.00136
    10.40135     0.16078    -0.00134
    10.40135     0.16073    -0.00134
     8.74188     0.23481    -0.00291
     8.74188     0.23485    -0.00293
     8.74188     0.24207    -0.00306
     8.74188     0.24698    -0.00326
     8.74188     0.24665    -0.00330
    11.77949     0.15374    -0.00080
    11.77949     0.15171    -0.00078
    11.77949     0.15588    -0.00085
    11.77949     0.15442    -0.00084
    11.77949     0.15418    -0.00083
    17.18126     0.08143     0.00099
    17.18126     0.08052     0.00100
    17.18126     0.08167     0.00098
    17.18126     0.08070     0.00100
    17.18126     0.08065     0.00100
    32.93309     0.07952     0.00106
    32.93309     0.07883     0.00107
    32.93309     0.07965     0.00105
    32.93309     0.07894     0.00107
    32.93309     0.07884     0.00106
    26.30002     0.04505     0.00191
    26.30002     0.04460     0.00192
    26.30002     0.04469     0.00191
    26.30002     0.04409     0.00194
    26.30002     0.04405     0.00193
    19.82164     0.04747     0.00177
    19.82164     0.04699     0.00178
    19.82164     0.04694     0.00179
    19.82164     0.04621     0.00182
    19.82164     0.04626     0.00182
    13.71885     0.09154     0.00039
    13.71885     0.09067     0.00042
    13.71885     0.09066     0.00042
    13.71885     0.08908     0.00049
    13.71885     0.08920     0.00049
     8.81022     0.18695    -0.00250
     8.81022     0.18363    -0.00242
     8.81022     0.18761    -0.00252
     8.81022     0.18271    -0.00236
     8.81022     0.18292    -0.00235
     7.81898     0.29735    -0.00393
     7.81898     0.28236    -0.00402
     7.81898     0.32101    -0.00410
     7.81898     0.32115    -0.00455
     7.81898     0.31330    -0.00445
    11.77949     0.15374    -0.00080
    11.77949     0.15171    -0.00078
    11.77949     0.15588    -0.00085
    11.77949     0.15442    -0.00084
    11.77949     0.15418    -0.00083
    38.66741     0.13969    -0.00031
    38.66741     0.13936    -0.00031
    38.66741     0.14087    -0.00035
    38.66741     0.14137    -0.00036
    38.66741     0.14125    -0.00036
    31.99144     0.07575     0.00125
    31.99144     0.07544     0.00125
    31.99144     0.07567     0.00124
    31.99144     0.07546     0.00124
    31.99144     0.07532     0.00123
    25.41336     0.04455     0.00195
    25.41336     0.04416     0.00196
    25.41336     0.04419     0.00196
    25.41336     0.04371     0.00198
    25.41336     0.04375     0.00199
    19.03495     0.04839     0.00169
    19.03495     0.04781     0.00171
    19.03495     0.04781     0.00171
    19.03495     0.04684     0.00175
    19.03495     0.04679     0.00174
    13.15001     0.09503     0.00018
    13.15001     0.09373     0.00023
    13.15001     0.09403     0.00021
    13.15001     0.09174     0.00030
    13.15001     0.09186     0.00029
     8.81022     0.18695    -0.00250
     8.81022     0.18363    -0.00242
     8.81022     0.18761    -0.00252
     8.81022     0.18271    -0.00236
     8.81022     0.18292    -0.00235
     8.74188     0.23481    -0.00291
     8.74188     0.23485    -0.00293
     8.74188     0.24207    -0.00306
     8.74188     0.24698    -0.00326
     8.74188     0.24665    -0.00330
    44.71971     0.18661    -0.00125
    44.71971     0.18888    -0.00131
    44.71971     0.18889    -0.00131
    44.71971     0.19375    -0.00150
    44.71971     0.19220    -0.00162
    38.06989     0.12645     0.00027
    38.06989     0.12700     0.00025
    38.06989     0.12700     0.00025
    38.06989     0.12847     0.00020
    38.06989     0.12810     0.00019
    31.51006     0.07335     0.00141
    31.51006     0.07324     0.00141
    31.51006     0.07324     0.00141
    31.51006     0.07344     0.00141
    31.51006     0.07343     0.00142
    25.11085     0.04403     0.00197
    25.11085     0.04365     0.00197
    25.11085     0.04365     0.00197
    25.11085     0.04300     0.00199
    25.11085     0.04283     0.00198
    19.03495     0.04839     0.00169
    19.03495     0.04781     0.00171
    19.03495     0.04781     0.00171
    19.03495     0.04684     0.00175
    19.03495     0.04679     0.00174
    13.71885     0.09154     0.00039
    13.71885     0.09067     0.00042
    13.71885     0.09066     0.00042
    13.71885     0.08908     0.00049
    13.71885     0.08920     0.00049
    10.40135     0.16101    -0.00136
    10.40135     0.16104    -0.00136
    10.40135     0.16104    -0.00136
    10.40135     0.16078    -0.00134
    10.40135     0.16073    -0.00134
    50.97686     0.13969    -0.00031
    50.97686     0.14087    -0.00035
    50.97686     0.13936    -0.00031
    50.97686     0.14137    -0.00036
    50.97686     0.14125    -0.00036
    44.37662     0.16402    -0.00023
    44.37662     0.16676    -0.00027
    44.37662     0.16494    -0.00023
    44.37662     0.17080    -0.00032
    44.37662     0.17095    -0.00032
    37.86862     0.12149     0.00051
    37.86862     0.12223     0.00048
    37.86862     0.12188     0.00050
    37.86862     0.12368     0.00044
    37.86862     0.12325     0.00042
    31.51006     0.07335     0.00141
    31.51006     0.07324     0.00141
    31.51006     0.07324     0.00141
    31.51006     0.07344     0.00141
    31.51006     0.07343     0.00142
    25.41336     0.04455     0.00195
    25.41336     0.04416     0.00196
    25.41336     0.04419     0.00196
    25.41336     0.04371     0.00198
    25.41336     0.04375     0.00199
    19.82164     0.04747     0.00177
    19.82164     0.04699     0.00178
    19.82164     0.04694     0.00179
    19.82164     0.04621     0.00182
    19.82164     0.04626     0.00182
    15.29900     0.08455     0.00079
    15.29900     0.08433     0.00080
    15.29900     0.08382     0.00081
    15.29900     0.08342     0.00084
    15.29900     0.08349     0.00085
    26.43065     0.04540     0.00188
    26.43065     0.04500     0.00189
    26.43065     0.04493     0.00189
    26.43065     0.04432     0.00191
    26.43065     0.04423     0.00190
    21.52489     0.07575     0.00125
    21.52489     0.07567     0.00124
    21.52489     0.07544     0.00125
    21.52489     0.07546     0.00124
    21.52489     0.07532     0.00123
    17.94897     0.12149     0.00051
    17.94897     0.12223     0.00048
    17.94897     0.12188     0.00050
    17.94897     0.12368     0.00044
    17.94897     0.12325     0.00042
    16.58655     0.14887     0.00032
    16.58655     0.15036     0.00030
    16.58655     0.15037     0.00030
    16.58655     0.15434     0.00026
    16.58655     0.15415     0.00026
    17.94897     0.12149     0.00051
    17.94897     0.12188     0.00050
    17.94897     0.12224     0.00048
    17.94897     0.12368     0.00044
    17.94897     0.12325     0.00042
    21.52489     0.07575     0.00125
    21.52489     0.07544     0.00125
    21.52489     0.07567     0.00124
    21.52489     0.07546     0.00124
    21.52489     0.07532     0.00123
    26.43065     0.04540     0.00188
    26.43065     0.04493     0.00189
    26.43065     0.04500     0.00189
    26.43065     0.04432     0.00191
    26.43065     0.04423     0.00190
    29.83931     0.04616     0.00185
    29.83931     0.04562     0.00186
    29.83931     0.04579     0.00186
    29.83931     0.04507     0.00189
    29.83931     0.04508     0.00189
    24.00639     0.04505     0.00191
    24.00639     0.04469     0.00191
    24.00639     0.04460     0.00192
    24.00639     0.04409     0.00194
    24.00639     0.04405     0.00193
    18.87676     0.07575     0.00125
    18.87676     0.07567     0.00124
    18.87676     0.07544     0.00125
    18.87676     0.07546     0.00124
    18.87676     0.07532     0.00123
    15.18094     0.12645     0.00027
    15.18094     0.12700     0.00025
    15.18094     0.12700     0.00025
    15.18094     0.12847     0.00020
    15.18094     0.12810     0.00019
    14.09586     0.16402    -0.00023
    14.09586     0.16494    -0.00023
    14.09586     0.16676    -0.00027
    14.09586     0.17080    -0.00032
    14.09586     0.17095    -0.00032
    16.15640     0.13157     0.00007
    16.15640     0.13112     0.00007
    16.15640     0.13301     0.00002
    16.15640     0.13349    -0.00002
    16.15640     0.13300    -0.00004
    20.43204     0.07952     0.00106
    20.43204     0.07883     0.00107
    20.43204     0.07965     0.00105
    20.43204     0.07894     0.00107
    20.43204     0.07884     0.00106
    34.29713     0.08143     0.00099
    34.29713     0.08052     0.00100
    34.29713     0.08167     0.00098
    34.29713     0.08070     0.00100
    34.29713     0.08065     0.00100
    27.98921     0.04616     0.00185
    27.98921     0.04562     0.00186
    27.98921     0.04579     0.00186
    27.98921     0.04507     0.00189
    27.98921     0.04508     0.00189
    22.01368     0.04540     0.00188
    22.01368     0.04500     0.00189
    22.01368     0.04493     0.00189
    22.01368     0.04432     0.00191
    22.01368     0.04423     0.00190
    16.73056     0.07938     0.00105
    16.73056     0.07908     0.00106
    16.73056     0.07908     0.00106
    16.73056     0.07874     0.00106
    16.73056     0.07864     0.00106
    13.01248     0.13969    -0.00031
    13.01248     0.13936    -0.00031
    13.01248     0.14087    -0.00035
    13.01248     0.14137    -0.00036
    13.01248     0.14125    -0.00036
    12.36289     0.18881    -0.00094
    12.36289     0.18788    -0.00094
    12.36289     0.19430    -0.00102
    12.36289     0.19748    -0.00113
    12.36289     0.19692    -0.00113
    15.18094     0.14233    -0.00025
    15.18094     0.14058    -0.00025
    15.18094     0.14471    -0.00030
    15.18094     0.14383    -0.00034
    15.18094     0.14339    -0.00034
    39.45003     0.14233    -0.00025
    39.45003     0.14058    -0.00025
    39.45003     0.14471    -0.00030
    39.45003     0.14383    -0.00034
    39.45003     0.14339    -0.00034
    32.93309     0.07952     0.00106
    32.93309     0.07883     0.00107
    32.93309     0.07965     0.00105
    32.93309     0.07894     0.00107
    32.93309     0.07884     0.00106
    26.58901     0.04540     0.00188
    26.58901     0.04493     0.00189
    26.58901     0.04500     0.00189
    26.58901     0.04432     0.00191
    26.58901     0.04423     0.00190
    20.57828     0.04653     0.00182
    20.57828     0.04607     0.00183
    20.57828     0.04607     0.00183
    20.57828     0.04542     0.00186
    20.57828     0.04542     0.00186
    15.29899     0.08455     0.00079
    15.29899     0.08382     0.00081
    15.29899     0.08433     0.00080
    15.29899     0.08342     0.00084
    15.29899     0.08349     0.00085
    11.77949     0.15374    -0.00080
    11.77949     0.15171    -0.00078
    11.77949     0.15588    -0.00085
    11.77949     0.15442    -0.00084
    11.77949     0.15418    -0.00083
    11.72847     0.21430    -0.00105
    11.72847     0.20759    -0.00118
    11.72847     0.22612    -0.00101
    11.72847     0.22718    -0.00132
    11.72847     0.22355    -0.00133
    45.06019     0.18881    -0.00094
    45.06019     0.18788    -0.00094
    45.06019     0.19430    -0.00102
    45.06019     0.19748    -0.00113
    45.06019     0.19692    -0.00113
    38.46927     0.13157     0.00007
    38.46927     0.13112     0.00007
    38.46927     0.13301     0.00002
    38.46927     0.13349    -0.00002
    38.46927     0.13300    -0.00004
    31.99144     0.07575     0.00125
    31.99144     0.07544     0.00125
    31.99144     0.07567     0.00124
    31.99144     0.07546     0.00124
    31.99144     0.07532     0.00123
    25.71231     0.04477     0.00193
    25.71231     0.04438     0.00194
    25.71231     0.04438     0.00194
    25.71231     0.04388     0.00196
    25.71231     0.04386     0.00196
    19.82164     0.04747     0.00177
    19.82164     0.04694     0.00179
    19.82164     0.04699     0.00178
    19.82164     0.04621     0.00182
    19.82164     0.04626     0.00182
    14.79105     0.08700     0.00067
    14.79105     0.08601     0.00070
    14.79105     0.08683     0.00068
    14.79105     0.08554     0.00073
    14.79105     0.08561     0.00074
    11.77949     0.15374    -0.00080
    11.77949     0.15171    -0.00078
    11.77949     0.15588    -0.00085
    11.77949     0.15442    -0.00084
    11.77949     0.15418    -0.00083
    50.97686     0.13969    -0.00031
    50.97686     0.13936    -0.00031
    50.97686     0.14087    -0.00035
    50.97686     0.14137    -0.00036
    50.97686     0.14125    -0.00036
    44.37662     0.16402    -0.00023
    44.37662     0.16494    -0.00023
    44.37662     0.16676    -0.00027
    44.37662     0.17080    -0.00032
    44.37662     0.17095    -0.00032
    37.86862     0.12149     0.00051
    37.86862     0.12188     0.00050
    37.86862     0.12224     0.00048
    37.86862     0.12368     0.00044
    37.86862     0.12325     0.00042
    31.51006     0.07335     0.00141
    31.51006     0.07324     0.00141
    31.51006     0.07324     0.00141
    31.51006     0.07344     0.00141
    31.51006     0.07343     0.00142
    25.41336     0.04455     0.00195
    25.41336     0.04419     0.00196
    25.41336     0.04416     0.00196
    25.41336     0.04371     0.00198
    25.41336     0.04375     0.00199
    19.82164     0.04747     0.00177
    19.82164     0.04694     0.00179
    19.82164     0.04699     0.00178
    19.82164     0.04621     0.00182
    19.82164     0.04626     0.00182
    15.29900     0.08455     0.00079
    15.29900     0.08382     0.00081
    15.29900     0.08433     0.00080
    15.29900     0.08342     0.00084
    15.29900     0.08349     0.00085
    57.10484     0.07938     0.00105
    57.10484     0.07908     0.00106
    57.10484     0.07908     0.00106
    57.10484     0.07874     0.00106
    57.10484     0.07864     0.00106
    50.52512     0.12645     0.00027
    50.52512     0.12700     0.00025
    50.52512     0.12700     0.00025
    50.52512     0.12847     0.00020
    50.52512     0.12810     0.00019
    44.03086     0.14887     0.00032
    44.03086     0.15036     0.00030
    44.03086     0.15037     0.00030
    44.03086     0.15434     0.00026
    44.03086     0.15415     0.00026
    37.66628     0.11867     0.00074
    37.66628     0.11936     0.00072
    37.66628     0.11936     0.00072
    37.66628     0.12174     0.00072
    37.66628     0.12233     0.00078
    31.51006     0.07335     0.00141
    31.51006     0.07324     0.00141
    31.51006     0.07324     0.00141
    31.51006     0.07344     0.00141
    31.51006     0.07343     0.00142
    25.71231     0.04477     0.00193
    25.71231     0.04438     0.00194
    25.71231     0.04438     0.00194
    25.71231     0.04388     0.00196
    25.71231     0.04386     0.00196
    20.57828     0.04653     0.00182
    20.57828     0.04607     0.00183
    20.57828     0.04607     0.00183
    20.57828     0.04542     0.00186
    20.57828     0.04542     0.00186
